# IR Spectrum
# X-Axis:  Frequency (cm-1)
# Y-Axis:  Epsilon
#                  X                   Y               DY/DX
     -500.0000000000        0.0000000000        0.0000000000
     -491.0000000000        0.0000000000        0.0000000000
     -482.0000000000        0.0000000000        0.0000000000
     -473.0000000000        0.0000000000        0.0000000000
     -464.0000000000        0.0000000000        0.0000000000
     -455.0000000000        0.0000000000        0.0000000000
     -446.0000000000        0.0000000000        0.0000000000
     -437.0000000000        0.0000000000        0.0000000000
     -428.0000000000        0.0000000000        0.0000000000
     -419.0000000000        0.0000000000        0.0000000000
     -410.0000000000        0.0000000000        0.0000000000
     -401.0000000000        0.0000000000        0.0000000000
     -392.0000000000        0.0000000000        0.0000000000
     -383.0000000000        0.0000000000        0.0000000000
     -374.0000000000        0.0000000000        0.0000000000
     -365.0000000000        0.0000000000        0.0000000000
     -356.0000000000        0.0000000000        0.0000000000
     -347.0000000000        0.0000000000        0.0000000000
     -338.0000000000        0.0000000000        0.0000000000
     -329.0000000000        0.0000000000        0.0000000000
     -320.0000000000        0.0000000000        0.0000000000
     -311.0000000000        0.0000000000        0.0000000000
     -302.0000000000        0.0000000000        0.0000000000
     -293.0000000000        0.0000000000        0.0000000000
     -284.0000000000        0.0000000000        0.0000000000
     -275.0000000000        0.0000000000        0.0000000000
     -266.0000000000        0.0000000000        0.0000000000
     -257.0000000000        0.0000000000        0.0000000000
     -248.0000000000        0.0000000000        0.0000000000
     -239.0000000000        0.0000000000        0.0000000000
     -230.0000000000        0.0000000000        0.0000000000
     -221.0000000000        0.0000000000        0.0000000000
     -212.0000000000        0.0000000000        0.0000000000
     -203.0000000000        0.0000000000        0.0000000000
     -194.0000000000        0.0000000000        0.0000000000
     -185.0000000000        0.0000000000        0.0000000000
     -176.0000000000        0.0000000000        0.0000000000
     -167.0000000000        0.0000000000        0.0000000000
     -158.0000000000        0.0000000000        0.0000000000
     -149.0000000000        0.0000000000        0.0000000000
     -140.0000000000        0.0000000000        0.0000000000
     -131.0000000000        0.0049875377        0.0000650010
     -122.0000000000        0.0099524400        0.0001339269
     -113.0000000000        0.0112769448        0.0001615596
     -104.0000000000        0.0165666131        0.0002459238
      -95.0000000000        0.0190245276        0.0003029298
      -86.0000000000        0.0251532174        0.0004180637
      -77.0000000000        0.0293918638        0.0005298036
      -68.0000000000        0.0348219717        0.0006859583
      -59.0000000000        0.0424626607        0.0009179830
      -50.0000000000        0.0626745042        0.0013959155
      -41.0000000000        0.0775774241        0.0019600576
      -32.0000000000        0.0990596901        0.0028986762
      -23.0000000000        0.1572087316        0.0049290392
      -14.0000000000        0.2155417511        0.0084932319
       -5.0000000000        0.3248537710        0.0172508840
        4.0000000000        0.5841639341        0.0469655156
       13.0000000000        1.5670501813        0.2374309272
       22.0000000000        8.3701798377        0.4763670988
       31.0000000000        7.5626861501        0.6502456265
       40.0000000000        3.1112239785       -0.0685107679
       49.0000000000        5.4778110108       -0.7926852575
       58.0000000000        1.5255591503       -0.0709472409
       67.0000000000        2.6152856165        0.4537844878
       76.0000000000        3.1185407987       -0.5658070118
       85.0000000000        1.6443334499        0.0403157683
       94.0000000000        3.8038477984        0.6286069960
      103.0000000000       16.3481160798       -0.8796238148
      112.0000000000        4.0370065759       -0.2774031248
      121.0000000000        5.6681049384        0.7406758293
      130.0000000000       34.0090645423        5.1521152696
      139.0000000000        8.4085386613       -1.6777896126
      148.0000000000        2.3380992524       -0.2268466367
      157.0000000000        1.5112278887        0.0388997948
      166.0000000000        1.6139012171       -0.2681027279
      175.0000000000        0.5931504262       -0.0359176223
      184.0000000000        0.4352271299       -0.0024063311
      193.0000000000        0.6753576152        0.0909874020
      202.0000000000        1.1280227261       -0.2251314955
      211.0000000000        0.3121883857       -0.0237317021
      220.0000000000        0.2098939914       -0.0042776024
      229.0000000000        0.2188364594        0.0093471070
      238.0000000000        0.3104095459       -0.0251979364
      247.0000000000        0.2460227843        0.0042051844
      256.0000000000        0.3438820064        0.0192466149
      265.0000000000        0.6908379290        0.0753513079
      274.0000000000        2.8394462312        0.6242012399
      283.0000000000        6.9471084702       -1.5771789285
      292.0000000000        1.0851789095       -0.1596763699
      301.0000000000        0.4071575492       -0.0323792769
      310.0000000000        0.2469725064       -0.0101779347
      319.0000000000        0.1914712097       -0.0031882581
      328.0000000000        0.1789281044        0.0003701111
      337.0000000000        0.1965119430        0.0034359864
      346.0000000000        0.2452368080        0.0077861184
      355.0000000000        0.3496195264        0.0166459773
      364.0000000000        0.5874991887        0.0410005775
      373.0000000000        1.2876408035        0.1406654290
      382.0000000000        4.9081931077        0.9941677569
      391.0000000000       20.7075855047       -3.0394319763
      400.0000000000        3.1090521419       -0.5024694432
      409.0000000000        1.0823615230       -0.0900625511
      418.0000000000        0.6277583020       -0.0255664615
      427.0000000000        0.5055373051       -0.0040824248
      436.0000000000        0.5423040228        0.0131583149
      445.0000000000        0.7980411584        0.0531504122
      454.0000000000        1.9612083955        0.2807453791
      463.0000000000       12.1929128512        2.3947872116
      472.0000000000        3.9457779153       -0.7856552984
      481.0000000000        1.2602602080       -0.0799454482
      490.0000000000        1.4826206633        0.1657055115
      499.0000000000        0.9672394568       -0.0783413730
      508.0000000000        0.7802208098        0.0083789220
      517.0000000000        0.9964409764        0.0407123927
      526.0000000000        1.6071357204        0.1060842729
      535.0000000000        3.3854533134        0.3495130516
      544.0000000000       12.2622354541        2.1819123710
      553.0000000000       70.3945891540       -0.6227750620
      562.0000000000       12.0724017730       -2.0867054213
      571.0000000000        4.0695879708       -0.3319393950
      580.0000000000        2.4217160850       -0.0928084255
      589.0000000000        1.9310862110       -0.0272828564
      598.0000000000        1.8254311772        0.0008767791
      607.0000000000        1.9184191372        0.0190934348
      616.0000000000        2.1933074543        0.0366849939
      625.0000000000        2.6063737870        0.0584735119
      634.0000000000        3.2669836496        0.0908270897
      643.0000000000        4.3070950225        0.1454458569
      652.0000000000        6.0273357809        0.2486573646
      661.0000000000        9.1296476595        0.4720480724
      670.0000000000       15.5513137329        1.0579887816
      679.0000000000       32.2924947190        3.1555109036
      688.0000000000      100.6413008384       16.6453325981
      697.0000000000      695.2680631877      117.6123836466
      706.0000000000      179.7309993823      -37.4312794757
      715.0000000000       44.9664634271       -5.1314387846
      724.0000000000       19.6296115588       -1.4680840554
      733.0000000000       11.1448917872       -0.5836653752
      742.0000000000        7.6145141063       -0.2438706398
      751.0000000000        6.5646828244        0.0301503817
      760.0000000000       10.2863562422        1.1969050383
      769.0000000000       41.4850733893       -1.6598996223
      778.0000000000        8.1681169735       -1.1482927017
      787.0000000000        3.5317184839       -0.2106910582
      796.0000000000        2.6723640028       -0.0081271293
      805.0000000000        1.7920151535       -0.0696047255
      814.0000000000        1.3853571581       -0.0310449699
      823.0000000000        1.1665271027       -0.0189782126
      832.0000000000        1.0300485139       -0.0117536831
      841.0000000000        0.9512618434       -0.0057970828
      850.0000000000        0.9278356516        0.0008999888
      859.0000000000        0.4809859667        0.0175759309
      868.0000000000        0.7217144603        0.0394379475
      877.0000000000        1.3263374389        0.1106167561
      886.0000000000        3.5777596372        0.5187797196
      895.0000000000       21.4332708022        4.1046393211
      904.0000000000       13.2483659258       -1.7248389545
      913.0000000000       17.6262707754       -1.2185535208
      922.0000000000        3.2495968547       -0.4917774010
      931.0000000000        1.1746048125       -0.0983547346
      940.0000000000        0.9073007859       -0.0317403383
      949.0000000000        0.7243146531       -0.0120106893
      958.0000000000        0.6601466451       -0.0031014600
      967.0000000000        0.6582243191        0.0023755679
      976.0000000000        0.7251618345        0.0072714700
      985.0000000000        0.8293613576        0.0126127738
      994.0000000000        0.9729195369        0.0198005420
     1003.0000000000        1.2004515044        0.0320361681
     1012.0000000000        1.6030401124        0.0585087404
     1021.0000000000        2.4151514232        0.1395566195
     1030.0000000000        5.1200688349        0.6264099415
     1039.0000000000       25.5563151843        3.2269190363
     1048.0000000000        8.5237688647       -0.9205122321
     1057.0000000000        6.3846317646        0.1171511077
     1066.0000000000        9.3383010578        0.5769738772
     1075.0000000000       19.2412196866        1.9579866245
     1084.0000000000       65.7048598582       12.0618110670
     1093.0000000000      396.2747129163        0.8410360323
     1102.0000000000       66.7539975988      -12.0641433934
     1111.0000000000       21.2404405461       -1.7920627046
     1120.0000000000       15.5024780051        0.4672568616
     1129.0000000000       45.3237374522        3.3630028070
     1138.0000000000       34.8236506663       -2.1204618095
     1147.0000000000        9.2771601812       -0.8473462754
     1156.0000000000        8.4255034405        0.7351475353
     1165.0000000000       18.5547309437       -3.0634021641
     1174.0000000000        4.3940689355       -0.4178813266
     1183.0000000000        2.5754864293       -0.0910503459
     1192.0000000000        2.1140146159       -0.0258814008
     1201.0000000000        2.0103035317        0.0045084886
     1210.0000000000        2.1697409363        0.0316884777
     1219.0000000000        2.6165636930        0.0711322869
     1228.0000000000        3.5608881552        0.1489358044
     1237.0000000000        5.6398126320        0.3476344220
     1246.0000000000       11.2140968423        1.0595316156
     1255.0000000000       34.3121366042        5.7589924311
     1264.0000000000      230.4215710356       29.8811877136
     1273.0000000000       77.1574672569       -7.6550413756
     1282.0000000000       18.6263319237       -2.4830657382
     1291.0000000000        7.5290286900       -0.5770889567
     1300.0000000000        4.2902691381       -0.2143915381
     1309.0000000000        2.9897264966       -0.0919887962
     1318.0000000000        2.5926668998       -0.0241615515
     1327.0000000000        2.7418188947        0.0821697295
     1336.0000000000        5.3337761131        0.2633132838
     1345.0000000000        7.6277936075        1.1281167118
     1354.0000000000       16.9285422358       -3.2676397162
     1363.0000000000        4.5123363600       -0.3032226008
     1372.0000000000        3.6682191558        0.0148169364
     1381.0000000000        4.3823804772        0.1428857370
     1390.0000000000        6.5269773140        0.3677202793
     1399.0000000000       12.5432689295        1.1639063509
     1408.0000000000       40.1403831711        7.2354150117
     1417.0000000000      160.4240197412       -3.8967344853
     1426.0000000000       92.9002271109      -20.3330471778
     1435.0000000000       35.5081746026        1.6269247957
     1444.0000000000       32.5636894325       -5.5144087945
     1453.0000000000       14.2157303170       -0.2026433047
     1462.0000000000       20.6707960619        1.9944318017
     1471.0000000000       92.2023380117       21.8813600052
     1480.0000000000       83.0779228850      -18.1834999998
     1489.0000000000       37.3060553362        1.8373675162
     1498.0000000000       64.2201703332        1.8742408041
     1507.0000000000       30.0033444404       -4.6586125116
     1516.0000000000       21.9499933081        1.8862389277
     1525.0000000000       88.7253267443        2.2436487547
     1534.0000000000       37.4300590058       -6.5274106045
     1543.0000000000       13.6845552577        0.2489829689
     1552.0000000000        6.3926739011       -0.7992964688
     1561.0000000000        3.0104620353       -0.1756379443
     1570.0000000000        1.9629778899       -0.0776930740
     1579.0000000000        1.3649331279       -0.0433831322
     1588.0000000000        0.9670279116       -0.0267853100
     1597.0000000000        0.7672766924       -0.0183612607
     1606.0000000000        0.6034182775       -0.0129805588
     1615.0000000000        0.5022881875       -0.0097132630
     1624.0000000000        0.4254859530       -0.0074878183
     1633.0000000000        0.3655775647       -0.0059109496
     1642.0000000000        0.7402652144        0.0034419568
     1651.0000000000        0.7731849248        0.0055975460
     1660.0000000000        0.8163251427        0.0080880068
     1669.0000000000        0.8724758934        0.0111048379
     1678.0000000000        0.9867381531        0.0144308694
     1687.0000000000        1.0884253866        0.0194130366
     1696.0000000000        1.2713030790        0.0255836687
     1705.0000000000        1.5375139287        0.0341155896
     1714.0000000000        1.8935282952        0.0469246011
     1723.0000000000        2.3985938801        0.0668782562
     1732.0000000000        3.1360253446        0.0999332930
     1741.0000000000        4.2733806204        0.1588457019
     1750.0000000000        6.1611895759        0.2746491091
     1759.0000000000        9.6363605875        0.5359932379
     1768.0000000000       17.1207466735        1.2630563715
     1777.0000000000       38.1512394615        4.1422922386
     1786.0000000000      139.2365973015       26.8089118965
     1795.0000000000      757.3908083212      -46.0300869624
     1804.0000000000      115.9235379837      -20.7396187157
     1813.0000000000       34.3640484463       -3.5502316319
     1822.0000000000       15.9383541659       -1.1353901962
     1831.0000000000        9.1281651486       -0.4943223753
     1840.0000000000        5.8987271582       -0.2573318285
     1849.0000000000        4.1207731567       -0.1504282832
     1858.0000000000        3.0396479610       -0.0953680961
     1867.0000000000        2.3339086971       -0.0641939317
     1876.0000000000        1.8480399739       -0.0452452309
     1885.0000000000        1.4994085252       -0.0330738232
     1894.0000000000        1.2408284004       -0.0249026279
     1903.0000000000        1.0437710350       -0.0192150353
     1912.0000000000        0.8901678911       -0.0151350773
     1921.0000000000        0.7681256114       -0.0121327606
     1930.0000000000        0.6695569340       -0.0098746200
     1939.0000000000        0.5888077235       -0.0081437080
     1948.0000000000        0.5218287882       -0.0067947413
     1957.0000000000        0.0000000000        0.0000000000
     1966.0000000000        0.0000000000        0.0000000000
     1975.0000000000        0.0000000000        0.0000000000
     1984.0000000000        0.0000000000        0.0000000000
     1993.0000000000        0.0000000000        0.0000000000
     2002.0000000000        0.0000000000        0.0000000000
     2011.0000000000        0.0000000000        0.0000000000
     2020.0000000000        0.0000000000        0.0000000000
     2029.0000000000        0.0000000000        0.0000000000
     2038.0000000000        0.0000000000        0.0000000000
     2047.0000000000        0.0000000000        0.0000000000
     2056.0000000000        0.0000000000        0.0000000000
     2065.0000000000        0.0000000000        0.0000000000
     2074.0000000000        0.0000000000        0.0000000000
     2083.0000000000        0.0000000000        0.0000000000
     2092.0000000000        0.0000000000        0.0000000000
     2101.0000000000        0.0000000000        0.0000000000
     2110.0000000000        0.0000000000        0.0000000000
     2119.0000000000        0.0000000000        0.0000000000
     2128.0000000000        0.0000000000        0.0000000000
     2137.0000000000        0.0000000000        0.0000000000
     2146.0000000000        0.0000000000        0.0000000000
     2155.0000000000        0.0000000000        0.0000000000
     2164.0000000000        0.0000000000        0.0000000000
     2173.0000000000        0.0000000000        0.0000000000
     2182.0000000000        0.0000000000        0.0000000000
     2191.0000000000        0.0000000000        0.0000000000
     2200.0000000000        0.0000000000        0.0000000000
     2209.0000000000        0.0000000000        0.0000000000
     2218.0000000000        0.0000000000        0.0000000000
     2227.0000000000        0.0000000000        0.0000000000
     2236.0000000000        0.0000000000        0.0000000000
     2245.0000000000        0.0000000000        0.0000000000
     2254.0000000000        0.0000000000        0.0000000000
     2263.0000000000        0.0000000000        0.0000000000
     2272.0000000000        0.0000000000        0.0000000000
     2281.0000000000        0.0000000000        0.0000000000
     2290.0000000000        0.0000000000        0.0000000000
     2299.0000000000        0.0000000000        0.0000000000
     2308.0000000000        0.0000000000        0.0000000000
     2317.0000000000        0.0000000000        0.0000000000
     2326.0000000000        0.0000000000        0.0000000000
     2335.0000000000        0.0000000000        0.0000000000
     2344.0000000000        0.0000000000        0.0000000000
     2353.0000000000        0.0000000000        0.0000000000
     2362.0000000000        0.0000000000        0.0000000000
     2371.0000000000        0.0000000000        0.0000000000
     2380.0000000000        0.0000000000        0.0000000000
     2389.0000000000        0.0000000000        0.0000000000
     2398.0000000000        0.0000000000        0.0000000000
     2407.0000000000        0.0000000000        0.0000000000
     2416.0000000000        0.0000000000        0.0000000000
     2425.0000000000        0.0000000000        0.0000000000
     2434.0000000000        0.0000000000        0.0000000000
     2443.0000000000        0.0000000000        0.0000000000
     2452.0000000000        0.0000000000        0.0000000000
     2461.0000000000        0.0000000000        0.0000000000
     2470.0000000000        0.0000000000        0.0000000000
     2479.0000000000        0.0000000000        0.0000000000
     2488.0000000000        0.0000000000        0.0000000000
     2497.0000000000        0.0000000000        0.0000000000
     2506.0000000000        0.0000000000        0.0000000000
     2515.0000000000        0.0000000000        0.0000000000
     2524.0000000000        0.0000000000        0.0000000000
     2533.0000000000        0.0000000000        0.0000000000
     2542.0000000000        0.0000000000        0.0000000000
     2551.0000000000        0.0000000000        0.0000000000
     2560.0000000000        0.0000000000        0.0000000000
     2569.0000000000        0.0000000000        0.0000000000
     2578.0000000000        0.0000000000        0.0000000000
     2587.0000000000        0.0000000000        0.0000000000
     2596.0000000000        0.0000000000        0.0000000000
     2605.0000000000        0.0000000000        0.0000000000
     2614.0000000000        0.0000000000        0.0000000000
     2623.0000000000        0.0000000000        0.0000000000
     2632.0000000000        0.0000000000        0.0000000000
     2641.0000000000        0.0000000000        0.0000000000
     2650.0000000000        0.0000000000        0.0000000000
     2659.0000000000        0.0000000000        0.0000000000
     2668.0000000000        0.0000000000        0.0000000000
     2677.0000000000        0.0000000000        0.0000000000
     2686.0000000000        0.0000000000        0.0000000000
     2695.0000000000        0.0000000000        0.0000000000
     2704.0000000000        0.0000000000        0.0000000000
     2713.0000000000        0.0000000000        0.0000000000
     2722.0000000000        0.0000000000        0.0000000000
     2731.0000000000        0.0000000000        0.0000000000
     2740.0000000000        0.0000000000        0.0000000000
     2749.0000000000        0.0000000000        0.0000000000
     2758.0000000000        0.0000000000        0.0000000000
     2767.0000000000        0.0000000000        0.0000000000
     2776.0000000000        0.0000000000        0.0000000000
     2785.0000000000        0.0000000000        0.0000000000
     2794.0000000000        0.0000000000        0.0000000000
     2803.0000000000        0.0000000000        0.0000000000
     2812.0000000000        0.0000000000        0.0000000000
     2821.0000000000        0.1509503052        0.0019879234
     2830.0000000000        0.1705672538        0.0023876602
     2839.0000000000        0.1942710352        0.0029021338
     2848.0000000000        0.2232805822        0.0035756317
     2857.0000000000        0.2593054180        0.0044746361
     2866.0000000000        0.3048030475        0.0057019551
     2875.0000000000        0.4005394929        0.0078870033
     2884.0000000000        0.5582999553        0.0114266615
     2893.0000000000        0.6893001357        0.0156069369
     2902.0000000000        0.8799998124        0.0222071756
     2911.0000000000        1.1935410842        0.0335086881
     2920.0000000000        1.5700706710        0.0520296029
     2929.0000000000        2.2488068178        0.0890439620
     2938.0000000000        3.3635605117        0.1706993342
     2947.0000000000        5.9278717396        0.4025308769
     2956.0000000000       12.7964751995        1.3430310309
     2965.0000000000       46.9225286708        9.3172277581
     2974.0000000000      200.0133018059      -27.9868126639
     2983.0000000000       30.7900367872       -4.8251509730
     2992.0000000000       11.6261281353       -0.8117245502
     3001.0000000000        7.9175738237       -0.1471331855
     3010.0000000000        8.0874315913        0.1775770822
     3019.0000000000       11.9446172066        0.8067048633
     3028.0000000000       31.2423078524        5.0324660478
     3037.0000000000      107.9073760271        4.7393168961
     3046.0000000000       89.3614628950      -13.0468346649
     3055.0000000000       64.2930100078       -4.0226403591
     3064.0000000000      123.1567138239        3.4374728702
     3073.0000000000       50.3027691479        1.0020744840
     3082.0000000000      104.4460574410      -13.5972423990
     3091.0000000000       42.7174582543        0.7581955933
     3100.0000000000      117.1886064015       23.4311189934
     3109.0000000000      294.0337984295      -25.7372642001
     3118.0000000000      116.1118662410      -24.9598762044
     3127.0000000000       27.8287967533       -3.0772898260
     3136.0000000000       12.8205217982       -0.8400679481
     3145.0000000000        8.1761160707       -0.2779326078
     3154.0000000000        7.4899893946        0.1847751620
     3163.0000000000       18.1564664009        3.2289463142
     3172.0000000000       23.5196960605       -5.0516830225
     3181.0000000000        5.4076610898       -0.5506882552
     3190.0000000000        2.8293368103       -0.1465440701
     3199.0000000000        1.9073110350       -0.0663029448
     3208.0000000000        1.3747506520       -0.0378170293
     3217.0000000000        1.0774440290       -0.0248107058
     3226.0000000000        0.8248246549       -0.0169542916
     3235.0000000000        0.6928896117       -0.0126746257
     3244.0000000000        0.5345346988       -0.0091118704
     3253.0000000000        0.4615679920       -0.0072093118
     3262.0000000000        0.4032210831       -0.0058260979
     3271.0000000000        0.1461217343       -0.0022388744
     3280.0000000000        0.0475749499       -0.0008508291
     3289.0000000000        0.0407516042       -0.0006745530
     3298.0000000000        0.0352972222       -0.0005437872
     3307.0000000000        0.0308687189       -0.0004447456
     3316.0000000000        0.0272241074       -0.0003683638
     3325.0000000000        0.0241887527       -0.0003085157
     3334.0000000000        0.0000000000        0.0000000000
     3343.0000000000        0.0000000000        0.0000000000
     3352.0000000000        0.0000000000        0.0000000000
     3361.0000000000        0.0000000000        0.0000000000
     3370.0000000000        0.0000000000        0.0000000000
     3379.0000000000        0.0000000000        0.0000000000
     3388.0000000000        0.0000000000        0.0000000000
     3397.0000000000        0.0000000000        0.0000000000
     3406.0000000000        0.0000000000        0.0000000000
     3415.0000000000        0.0000000000        0.0000000000
     3424.0000000000        0.0000000000        0.0000000000
     3433.0000000000        0.0000000000        0.0000000000
     3442.0000000000        0.0000000000        0.0000000000
     3451.0000000000        1.0602948003        0.0138459598
     3460.0000000000        1.1968180111        0.0166037503
     3469.0000000000        1.3615038107        0.0201450927
     3478.0000000000        1.5626634271        0.0247691444
     3487.0000000000        1.8119151714        0.0309232224
     3496.0000000000        2.1258981624        0.0392959406
     3505.0000000000        2.5291185555        0.0509836982
     3514.0000000000        3.0588712564        0.0678024150
     3523.0000000000        3.7741640997        0.0929039807
     3532.0000000000        4.7728427461        0.1320775036
     3541.0000000000        6.2267973963        0.1967235237
     3550.0000000000        8.4608301958        0.3113614788
     3559.0000000000       12.1498896467        0.5351613907
     3568.0000000000       18.8904187649        1.0352300746
     3577.0000000000       33.2374375355        2.4047835276
     3586.0000000000       72.7046777910        7.6783158230
     3595.0000000000      253.8043496213       46.9182559546
     3604.0000000000     1553.1228403891        9.9577623550
     3613.0000000000      258.6828843955      -48.1868034719
     3622.0000000000       73.4988146141       -7.8023683180
     3631.0000000000       33.4855386573       -2.4315610504
     3640.0000000000       18.9970811040       -1.0439740962
     3649.0000000000       12.2049833771       -0.5387959213
     3658.0000000000        8.4928664088       -0.3131283206
     3667.0000000000        6.2470303384       -0.1976818401
     3676.0000000000        4.7864227789       -0.1326410173
     3685.0000000000        3.7837141191       -0.0932565380
     3694.0000000000        3.0658396598       -0.0680340847
     3703.0000000000        2.5343576040       -0.0511421123
     3712.0000000000        2.1299356652       -0.0394078887
     3721.0000000000        1.8150920639       -0.0310045544
     3730.0000000000        1.5652078433       -0.0248296444
     3739.0000000000        1.3635730522       -0.0201910221
     3748.0000000000        1.1985233758       -0.0166392422
     3757.0000000000        1.0617168243       -0.0138738172
     3766.0000000000        0.0000000000        0.0000000000
     3775.0000000000        0.0000000000        0.0000000000
     3784.0000000000        0.0000000000        0.0000000000
     3793.0000000000        0.0000000000        0.0000000000
     3802.0000000000        0.0000000000        0.0000000000
     3811.0000000000        0.0000000000        0.0000000000
     3820.0000000000        0.0000000000        0.0000000000
     3829.0000000000        0.0000000000        0.0000000000
     3838.0000000000        0.0000000000        0.0000000000
     3847.0000000000        0.0000000000        0.0000000000
     3856.0000000000        0.0000000000        0.0000000000
     3865.0000000000        0.0000000000        0.0000000000
     3874.0000000000        0.0000000000        0.0000000000
     3883.0000000000        0.0000000000        0.0000000000
     3892.0000000000        0.0000000000        0.0000000000
     3901.0000000000        0.0000000000        0.0000000000
     3910.0000000000        0.0000000000        0.0000000000
     3919.0000000000        0.0000000000        0.0000000000
     3928.0000000000        0.0000000000        0.0000000000
     3937.0000000000        0.0000000000        0.0000000000
     3946.0000000000        0.0000000000        0.0000000000
     3955.0000000000        0.0000000000        0.0000000000
     3964.0000000000        0.0000000000        0.0000000000
     3973.0000000000        0.0000000000        0.0000000000
     3982.0000000000        0.0000000000        0.0000000000
     3991.0000000000        0.0000000000        0.0000000000
