# IR Spectrum
# X-Axis:  Frequency (cm-1)
# Y-Axis:  Epsilon
#                  X                   Y               DY/DX
     -500.0000000000        0.0000000000        0.0000000000
     -491.0000000000        0.0000000000        0.0000000000
     -482.0000000000        0.0000000000        0.0000000000
     -473.0000000000        0.0000000000        0.0000000000
     -464.0000000000        0.0000000000        0.0000000000
     -455.0000000000        0.0000000000        0.0000000000
     -446.0000000000        0.0000000000        0.0000000000
     -437.0000000000        0.0000000000        0.0000000000
     -428.0000000000        0.0000000000        0.0000000000
     -419.0000000000        0.0000000000        0.0000000000
     -410.0000000000        0.0000000000        0.0000000000
     -401.0000000000        0.0000000000        0.0000000000
     -392.0000000000        0.0000000000        0.0000000000
     -383.0000000000        0.0000000000        0.0000000000
     -374.0000000000        0.0000000000        0.0000000000
     -365.0000000000        0.0000000000        0.0000000000
     -356.0000000000        0.0000000000        0.0000000000
     -347.0000000000        0.0000000000        0.0000000000
     -338.0000000000        0.0000000000        0.0000000000
     -329.0000000000        0.0000000000        0.0000000000
     -320.0000000000        0.0000000000        0.0000000000
     -311.0000000000        0.0000000000        0.0000000000
     -302.0000000000        0.0000000000        0.0000000000
     -293.0000000000        0.0000000000        0.0000000000
     -284.0000000000        0.0000000000        0.0000000000
     -275.0000000000        0.0000000000        0.0000000000
     -266.0000000000        0.0000000000        0.0000000000
     -257.0000000000        0.0000000000        0.0000000000
     -248.0000000000        0.0000000000        0.0000000000
     -239.0000000000        0.0000000000        0.0000000000
     -230.0000000000        0.0000000000        0.0000000000
     -221.0000000000        0.0000000000        0.0000000000
     -212.0000000000        0.0000000000        0.0000000000
     -203.0000000000        0.0000000000        0.0000000000
     -194.0000000000        0.0000000000        0.0000000000
     -185.0000000000        0.0000000000        0.0000000000
     -176.0000000000        0.0000000000        0.0000000000
     -167.0000000000        0.0000000000        0.0000000000
     -158.0000000000        0.0000000000        0.0000000000
     -149.0000000000        0.0000000000        0.0000000000
     -140.0000000000        0.0055316747        0.0000696215
     -131.0000000000        0.0062158130        0.0000829258
     -122.0000000000        0.0130580868        0.0001777782
     -113.0000000000        0.0148184835        0.0002149951
     -104.0000000000        0.0169614148        0.0002633992
      -95.0000000000        0.0196066580        0.0003275446
      -86.0000000000        0.0280130073        0.0004816294
      -77.0000000000        0.0329182825        0.0006158518
      -68.0000000000        0.0510325646        0.0009614599
      -59.0000000000        0.0609933157        0.0012720413
      -50.0000000000        0.0743985276        0.0017408202
      -41.0000000000        0.0931530787        0.0024886620
      -32.0000000000        0.1207700638        0.0037721018
      -23.0000000000        0.1720469012        0.0063039915
      -14.0000000000        0.2494896534        0.0116759109
       -5.0000000000        0.4088797583        0.0265585207
        4.0000000000        0.8542779826        0.0894668137
       13.0000000000        3.3131427165        0.7044696239
       22.0000000000        6.6710411463       -1.0719364941
       31.0000000000        8.9915524619        1.1627547086
       40.0000000000        2.6206523869       -0.4161355879
       49.0000000000        1.3155984046       -0.0050097100
       58.0000000000        2.4371680863        0.3674069988
       67.0000000000        7.3293671767       -1.0117324191
       76.0000000000        4.9475275589        0.6674693687
       85.0000000000       14.7654689931       -2.5879868651
       94.0000000000        2.3910482910       -0.3460050767
      103.0000000000        0.9861247575       -0.0597394124
      112.0000000000        0.7612683653        0.0028099186
      121.0000000000        1.1212752330        0.0957787528
      130.0000000000        4.2868637048        0.9577140230
      139.0000000000        7.1234322733       -1.7171536296
      148.0000000000        1.2950364111       -0.1651026876
      157.0000000000        0.5817682203       -0.0332935780
      166.0000000000        0.4503800593        0.0019657140
      175.0000000000        0.7916912110        0.1144605488
      184.0000000000        2.0808977936       -0.3535648272
      193.0000000000        0.6318842030       -0.0364177885
      202.0000000000        0.5139416549       -0.0000914587
      211.0000000000        0.5781318425        0.0148333996
      220.0000000000        0.8522274004        0.0573897378
      229.0000000000        2.5652559097        0.5088603271
      238.0000000000        2.9784474146       -0.5609757869
      247.0000000000        1.2668831452       -0.0269894933
      256.0000000000        1.4005790237        0.0494803170
      265.0000000000        2.3466165190        0.1936693189
      274.0000000000        7.7116822299        1.5344645461
      283.0000000000       14.7509814182       -0.1887448619
      292.0000000000        9.3588691790       -1.6624021522
      301.0000000000        4.3423843289       -0.0592477343
      310.0000000000        5.2756884661        0.2480466440
      319.0000000000        9.6030893225        0.8316985430
      328.0000000000       26.8789571818        4.0422278753
      337.0000000000      173.9036725594       40.5810629030
      346.0000000000       74.8308691842      -16.9545021830
      355.0000000000       16.7068204996       -2.0280572983
      364.0000000000        6.9886781027       -0.5442544842
      373.0000000000        3.8750810006       -0.2134020393
      382.0000000000        2.5410129985       -0.0997936841
      391.0000000000        1.9080150685       -0.0457291227
      400.0000000000        1.6833388520       -0.0020048639
      409.0000000000        2.0217849348        0.1010825702
      418.0000000000        5.4149826013        1.0266677282
      427.0000000000       10.0626063488       -2.1889681891
      436.0000000000        2.5414365021       -0.1803014889
      445.0000000000        2.1945554308        0.0692668383
      454.0000000000        4.3863580239        0.5634217133
      463.0000000000       25.5261340571        5.8022095612
      472.0000000000       10.7910341865       -2.3723130317
      481.0000000000        2.6066391848       -0.2904127981
      490.0000000000        1.1956187694       -0.0810229904
      499.0000000000        0.7208621068       -0.0338015269
      508.0000000000        0.3556226244       -0.0159106063
      517.0000000000        0.2468613309       -0.0091056869
      526.0000000000        0.1818077457       -0.0057060551
      535.0000000000        0.1397166586       -0.0038175252
      544.0000000000        0.1108663657       -0.0026832676
      553.0000000000        0.0902003697       -0.0019600780
      562.0000000000        0.0748729013       -0.0014766995
      571.0000000000        0.5098205174        0.0047258556
      580.0000000000        0.5585717978        0.0061427343
      589.0000000000        0.6127619957        0.0079349414
      598.0000000000        0.6932274512        0.0100321345
      607.0000000000        0.8012619280        0.0128368591
      616.0000000000        0.9325112288        0.0165202394
      625.0000000000        1.1028805992        0.0216318042
      634.0000000000        1.3079303708        0.0292182008
      643.0000000000        1.6166212175        0.0401502627
      652.0000000000        2.0490239325        0.0572894296
      661.0000000000        2.6999991503        0.0859885719
      670.0000000000        3.6793982623        0.1368937688
      679.0000000000        5.3085294433        0.2373366323
      688.0000000000        8.3187963823        0.4653649487
      697.0000000000       14.8459405569        1.1060636033
      706.0000000000       33.4335203574        3.6905438650
      715.0000000000      125.5697664489       24.8105524760
      724.0000000000      619.0657728006      -62.7253214527
      733.0000000000       91.7940991892      -15.9587143076
      742.0000000000       28.2519139570       -2.8081731304
      751.0000000000       13.8189844629       -0.8469677646
      760.0000000000       10.2059045698        0.1380394537
      769.0000000000       12.6456425155       -1.7610210980
      778.0000000000        4.9527609671       -0.2772088340
      787.0000000000        3.6207324234       -0.0644461660
      796.0000000000        3.6724745352        0.0979858352
      805.0000000000        7.3072611569        1.0730299235
      814.0000000000       26.6695080834       -3.2418958752
      823.0000000000        4.9679147600       -0.6455604958
      832.0000000000        2.3178270908       -0.1230841815
      841.0000000000        1.6735010985       -0.0382083531
      850.0000000000        1.4874050054       -0.0060558199
      859.0000000000        1.5533613889        0.0219823563
      868.0000000000        1.9498508036        0.0736112247
      877.0000000000        3.2867069349        0.2388167836
      886.0000000000        8.0151812299        1.2361621118
      895.0000000000       48.1446153035        6.8787822509
      904.0000000000       31.1164369013       -6.5429243868
      913.0000000000        6.1355004764       -0.7732528347
      922.0000000000        2.7423002071       -0.1760932272
      931.0000000000        1.7845932127       -0.0596162318
      940.0000000000        1.4483718685       -0.0207815769
      949.0000000000        1.3994276952       -0.0015211462
      958.0000000000        1.4454153433        0.0113200295
      967.0000000000        1.7954549123        0.0262209718
      976.0000000000        2.0847228387        0.0428515378
      985.0000000000        2.5759080560        0.0685643480
      994.0000000000        3.3928499393        0.1164319398
     1003.0000000000        4.8601667085        0.2242536923
     1012.0000000000        8.0382144686        0.5493621115
     1021.0000000000       18.1632461860        2.2074781557
     1030.0000000000       92.1655346604       21.7758829426
     1039.0000000000       63.7800828973      -12.5971384479
     1048.0000000000       27.9636660688        0.0212122331
     1057.0000000000       50.6043086249        6.4512111045
     1066.0000000000      292.1296558389       62.6120019733
     1075.0000000000      143.1522249748      -13.6219482947
     1084.0000000000       78.1627546044      -14.5353654719
     1093.0000000000       30.6669971373       -0.6602898329
     1102.0000000000       60.1051239934       10.4299830338
     1111.0000000000       58.8736850381       -1.6719189041
     1120.0000000000      193.2042937754       43.8381247759
     1129.0000000000       98.2365320525      -21.7047113842
     1138.0000000000       25.6147162341       -2.1292164305
     1147.0000000000       26.1512669164       -0.1692789148
     1156.0000000000       18.3393516154        1.1589920143
     1165.0000000000        7.6956825907       -0.8600045149
     1174.0000000000        4.0118058068       -0.1973423719
     1183.0000000000        2.8108084316       -0.0912153539
     1192.0000000000        2.1965080441       -0.0525592620
     1201.0000000000        1.7339555207       -0.0310577568
     1210.0000000000        1.5204299101       -0.0168581751
     1219.0000000000        1.4304176119       -0.0026223512
     1228.0000000000        1.4982738099        0.0204854872
     1237.0000000000        1.6972943638        0.0869322568
     1246.0000000000        3.4861900718        0.4210750127
     1255.0000000000       18.4384112567        4.4135141013
     1264.0000000000       11.0903375481       -2.4786283537
     1273.0000000000        2.7909834820       -0.2643799303
     1282.0000000000        1.6992296403       -0.0447579513
     1291.0000000000        1.5744915295        0.0429174564
     1300.0000000000        2.6518969366        0.2500313097
     1309.0000000000       10.6441842594        2.4107131915
     1318.0000000000       13.0099544103       -2.6444689015
     1327.0000000000        8.7162782424        1.1719063358
     1336.0000000000        6.9355103279       -0.8235829811
     1345.0000000000       10.4026652696        1.9919141792
     1354.0000000000        8.5204996928       -1.7224807629
     1363.0000000000        2.9643395979       -0.1510896246
     1372.0000000000        2.5753271532        0.0254714733
     1381.0000000000        3.3322092648        0.1552551225
     1390.0000000000        6.2517734194        0.6216896106
     1399.0000000000       25.5315462991        5.6910402205
     1408.0000000000       28.0003510111       -3.3169533244
     1417.0000000000       34.1784503747       -3.7412711260
     1426.0000000000       17.0870211827        0.6959705626
     1435.0000000000       58.7666996695       12.3858073821
     1444.0000000000      100.0650360580        9.2115969436
     1453.0000000000       37.0426766786       -4.5544529594
     1462.0000000000       41.4664875012        5.9308080101
     1471.0000000000      155.1165506004      -19.8481241046
     1480.0000000000       24.6743900199       -3.8516210167
     1489.0000000000        9.0360313370       -0.7016797882
     1498.0000000000        5.5971265229       -0.1631043190
     1507.0000000000        5.6254997761        0.2088830250
     1516.0000000000       13.8123765227        2.4744981204
     1525.0000000000       30.4806137705       -2.0672252419
     1534.0000000000       25.4654807494       -4.1667798973
     1543.0000000000       13.0189689105        1.3552812411
     1552.0000000000        7.3453876553       -1.3617050678
     1561.0000000000        2.4188709954       -0.1940543474
     1570.0000000000        1.3672290215       -0.0663400232
     1579.0000000000        0.9289095361       -0.0329083973
     1588.0000000000        0.6999053027       -0.0196794566
     1597.0000000000        0.5554890008       -0.0130827727
     1606.0000000000        0.4147463870       -0.0088195629
     1615.0000000000        0.2958184736       -0.0059317775
     1624.0000000000        0.2493014177       -0.0044989207
     1633.0000000000        0.1156104237       -0.0023110547
     1642.0000000000        0.0973336156       -0.0017813368
     1651.0000000000        0.0830961858       -0.0014027636
     1660.0000000000        0.0717838805       -0.0011247967
     1669.0000000000        0.0626434754       -0.0009159780
     1678.0000000000        0.0551504229       -0.0007559962
     1687.0000000000        0.0305620214       -0.0004086444
     1696.0000000000        0.0102237359       -0.0001367529
     1705.0000000000        0.0090957713       -0.0001147620
     1714.0000000000        0.0000000000        0.0000000000
     1723.0000000000        0.0000000000        0.0000000000
     1732.0000000000        0.0000000000        0.0000000000
     1741.0000000000        0.0000000000        0.0000000000
     1750.0000000000        0.0000000000        0.0000000000
     1759.0000000000        0.0000000000        0.0000000000
     1768.0000000000        0.0000000000        0.0000000000
     1777.0000000000        0.0000000000        0.0000000000
     1786.0000000000        0.0000000000        0.0000000000
     1795.0000000000        0.0000000000        0.0000000000
     1804.0000000000        0.0000000000        0.0000000000
     1813.0000000000        0.0000000000        0.0000000000
     1822.0000000000        0.0000000000        0.0000000000
     1831.0000000000        0.0000000000        0.0000000000
     1840.0000000000        0.0000000000        0.0000000000
     1849.0000000000        0.0000000000        0.0000000000
     1858.0000000000        0.0000000000        0.0000000000
     1867.0000000000        0.0000000000        0.0000000000
     1876.0000000000        0.0000000000        0.0000000000
     1885.0000000000        0.0000000000        0.0000000000
     1894.0000000000        0.0000000000        0.0000000000
     1903.0000000000        0.0000000000        0.0000000000
     1912.0000000000        0.0000000000        0.0000000000
     1921.0000000000        0.0000000000        0.0000000000
     1930.0000000000        0.0000000000        0.0000000000
     1939.0000000000        0.0000000000        0.0000000000
     1948.0000000000        0.0000000000        0.0000000000
     1957.0000000000        0.0000000000        0.0000000000
     1966.0000000000        0.0000000000        0.0000000000
     1975.0000000000        0.0000000000        0.0000000000
     1984.0000000000        0.0000000000        0.0000000000
     1993.0000000000        0.0000000000        0.0000000000
     2002.0000000000        0.0000000000        0.0000000000
     2011.0000000000        0.0000000000        0.0000000000
     2020.0000000000        0.0000000000        0.0000000000
     2029.0000000000        0.0000000000        0.0000000000
     2038.0000000000        0.0000000000        0.0000000000
     2047.0000000000        0.0000000000        0.0000000000
     2056.0000000000        0.0000000000        0.0000000000
     2065.0000000000        0.0000000000        0.0000000000
     2074.0000000000        0.0000000000        0.0000000000
     2083.0000000000        0.0000000000        0.0000000000
     2092.0000000000        0.0000000000        0.0000000000
     2101.0000000000        0.0000000000        0.0000000000
     2110.0000000000        0.0000000000        0.0000000000
     2119.0000000000        0.0000000000        0.0000000000
     2128.0000000000        0.0000000000        0.0000000000
     2137.0000000000        0.0000000000        0.0000000000
     2146.0000000000        0.0000000000        0.0000000000
     2155.0000000000        0.0000000000        0.0000000000
     2164.0000000000        0.0000000000        0.0000000000
     2173.0000000000        0.0000000000        0.0000000000
     2182.0000000000        0.0000000000        0.0000000000
     2191.0000000000        0.0000000000        0.0000000000
     2200.0000000000        0.0000000000        0.0000000000
     2209.0000000000        0.0000000000        0.0000000000
     2218.0000000000        0.0000000000        0.0000000000
     2227.0000000000        0.0000000000        0.0000000000
     2236.0000000000        0.0000000000        0.0000000000
     2245.0000000000        0.0000000000        0.0000000000
     2254.0000000000        0.0000000000        0.0000000000
     2263.0000000000        0.0000000000        0.0000000000
     2272.0000000000        0.0000000000        0.0000000000
     2281.0000000000        0.0000000000        0.0000000000
     2290.0000000000        0.0000000000        0.0000000000
     2299.0000000000        0.0000000000        0.0000000000
     2308.0000000000        0.0000000000        0.0000000000
     2317.0000000000        0.0000000000        0.0000000000
     2326.0000000000        0.0000000000        0.0000000000
     2335.0000000000        0.0000000000        0.0000000000
     2344.0000000000        0.0000000000        0.0000000000
     2353.0000000000        0.0000000000        0.0000000000
     2362.0000000000        0.0000000000        0.0000000000
     2371.0000000000        0.0000000000        0.0000000000
     2380.0000000000        0.0000000000        0.0000000000
     2389.0000000000        0.0000000000        0.0000000000
     2398.0000000000        0.0000000000        0.0000000000
     2407.0000000000        0.0000000000        0.0000000000
     2416.0000000000        0.0000000000        0.0000000000
     2425.0000000000        0.0000000000        0.0000000000
     2434.0000000000        0.0000000000        0.0000000000
     2443.0000000000        0.0000000000        0.0000000000
     2452.0000000000        0.0000000000        0.0000000000
     2461.0000000000        0.0000000000        0.0000000000
     2470.0000000000        0.0000000000        0.0000000000
     2479.0000000000        0.0000000000        0.0000000000
     2488.0000000000        0.0000000000        0.0000000000
     2497.0000000000        0.0000000000        0.0000000000
     2506.0000000000        0.0000000000        0.0000000000
     2515.0000000000        0.0000000000        0.0000000000
     2524.0000000000        0.0000000000        0.0000000000
     2533.0000000000        0.0000000000        0.0000000000
     2542.0000000000        0.0000000000        0.0000000000
     2551.0000000000        0.0000000000        0.0000000000
     2560.0000000000        0.0000000000        0.0000000000
     2569.0000000000        0.0000000000        0.0000000000
     2578.0000000000        0.0000000000        0.0000000000
     2587.0000000000        0.0000000000        0.0000000000
     2596.0000000000        0.0000000000        0.0000000000
     2605.0000000000        0.0000000000        0.0000000000
     2614.0000000000        0.0000000000        0.0000000000
     2623.0000000000        0.0000000000        0.0000000000
     2632.0000000000        0.0000000000        0.0000000000
     2641.0000000000        0.0000000000        0.0000000000
     2650.0000000000        0.0000000000        0.0000000000
     2659.0000000000        0.0000000000        0.0000000000
     2668.0000000000        0.0000000000        0.0000000000
     2677.0000000000        0.0000000000        0.0000000000
     2686.0000000000        0.0000000000        0.0000000000
     2695.0000000000        0.0000000000        0.0000000000
     2704.0000000000        0.0000000000        0.0000000000
     2713.0000000000        0.0000000000        0.0000000000
     2722.0000000000        0.0000000000        0.0000000000
     2731.0000000000        0.0000000000        0.0000000000
     2740.0000000000        0.0000000000        0.0000000000
     2749.0000000000        0.0000000000        0.0000000000
     2758.0000000000        0.0000000000        0.0000000000
     2767.0000000000        0.0000000000        0.0000000000
     2776.0000000000        0.0000000000        0.0000000000
     2785.0000000000        0.0000000000        0.0000000000
     2794.0000000000        0.0000000000        0.0000000000
     2803.0000000000        0.0000000000        0.0000000000
     2812.0000000000        0.0000000000        0.0000000000
     2821.0000000000        0.1662935391        0.0021047069
     2830.0000000000        0.1869860260        0.0025094292
     2839.0000000000        0.2117943174        0.0030249060
     2848.0000000000        0.2418865770        0.0036917550
     2857.0000000000        0.2788766774        0.0045698559
     2866.0000000000        0.4841627976        0.0077918296
     2875.0000000000        0.5629169715        0.0098145173
     2884.0000000000        0.7103747825        0.0132243973
     2893.0000000000        0.9118825898        0.0182016780
     2902.0000000000        1.1021199178        0.0245031106
     2911.0000000000        1.3631805267        0.0342621013
     2920.0000000000        1.8415609797        0.0516786290
     2929.0000000000        2.4236402103        0.0806606827
     2938.0000000000        3.3771262830        0.1384134568
     2947.0000000000        5.2840116741        0.2759061279
     2956.0000000000        9.2949249434        0.6899681955
     2965.0000000000       22.1479762307        2.6897421979
     2974.0000000000      106.3118761387       25.3645868371
     2983.0000000000      131.3580916025      -31.5931913472
     2992.0000000000       28.6828287242       -2.7471219870
     3001.0000000000       20.0639369582        0.2460218719
     3010.0000000000       36.3094905478        4.6144783893
     3019.0000000000      177.7933457429       12.9214765583
     3028.0000000000      113.7968048521      -19.2532038737
     3037.0000000000       75.1611293634        9.6011356978
     3046.0000000000      118.7318345460        8.9727959363
     3055.0000000000       42.2483437069       -5.1300552184
     3064.0000000000       34.7587381589        2.5531907679
     3073.0000000000      138.3487642237       13.6929487475
     3082.0000000000       57.2451975228       -8.6968957831
     3091.0000000000       36.7347842574        1.3326072303
     3100.0000000000       95.4839032304       17.4637470530
     3109.0000000000      267.3347134966      -23.3893066481
     3118.0000000000      232.2837107974       40.0505630854
     3127.0000000000      221.9366038882      -52.9492372805
     3136.0000000000       44.4759349224       -5.5646026332
     3145.0000000000       18.4102481560       -1.4168851208
     3154.0000000000       10.2776856684       -0.5651715206
     3163.0000000000        6.6513794425       -0.2842753926
     3172.0000000000        4.6995835531       -0.1643664100
     3181.0000000000        3.4299558423       -0.1031484737
     3190.0000000000        2.6084362685       -0.0689817889
     3199.0000000000        2.0853036036       -0.0488413776
     3208.0000000000        1.6058510276       -0.0346710080
     3217.0000000000        1.3344784816       -0.0261701107
     3226.0000000000        1.1271004464       -0.0202536226
     3235.0000000000        0.8985047398       -0.0151818677
     3244.0000000000        0.7483878666       -0.0118409284
     3253.0000000000        0.6522333456       -0.0096285981
     3262.0000000000        0.5735217106       -0.0079357299
     3271.0000000000        0.3260283550       -0.0043930865
     3280.0000000000        0.2898157968       -0.0036820265
     3289.0000000000        0.0000000000        0.0000000000
     3298.0000000000        0.0000000000        0.0000000000
     3307.0000000000        0.0000000000        0.0000000000
     3316.0000000000        0.0000000000        0.0000000000
     3325.0000000000        0.0000000000        0.0000000000
     3334.0000000000        0.0000000000        0.0000000000
     3343.0000000000        0.0000000000        0.0000000000
     3352.0000000000        0.0000000000        0.0000000000
     3361.0000000000        0.0000000000        0.0000000000
     3370.0000000000        0.0000000000        0.0000000000
     3379.0000000000        0.0000000000        0.0000000000
     3388.0000000000        0.0000000000        0.0000000000
     3397.0000000000        0.0000000000        0.0000000000
     3406.0000000000        0.0000000000        0.0000000000
     3415.0000000000        0.0000000000        0.0000000000
     3424.0000000000        0.0000000000        0.0000000000
     3433.0000000000        0.0000000000        0.0000000000
     3442.0000000000        0.0000000000        0.0000000000
     3451.0000000000        0.0000000000        0.0000000000
     3460.0000000000        0.9843974708        0.0127944814
     3469.0000000000        1.1104969750        0.0153293662
     3478.0000000000        1.2624662344        0.0185804018
     3487.0000000000        1.4478949757        0.0228193543
     3496.0000000000        1.6773738100        0.0284517040
     3505.0000000000        1.9660386237        0.0361001041
     3514.0000000000        2.3361279364        0.0467530596
     3523.0000000000        2.8213897344        0.0620422040
     3532.0000000000        3.4750392053        0.0847880115
     3541.0000000000        4.3849535808        0.1201451656
     3550.0000000000        5.7047212958        0.1782021385
     3559.0000000000        7.7226645220        0.2804849955
     3568.0000000000       11.0327370380        0.4783952521
     3577.0000000000       17.0228813144        0.9149753719
     3586.0000000000       29.5819895671        2.0868782433
     3595.0000000000       63.2605701103        6.4423585242
     3604.0000000000      208.8876214270       36.6022815507
     3613.0000000000     1403.2991670466      130.9273206962
     3622.0000000000      278.4942594798      -54.7495667750
     3631.0000000000       74.5635441496       -8.2045018501
     3640.0000000000       33.1882559377       -2.4650044471
     3649.0000000000       18.6411671416       -1.0367052828
     3658.0000000000       11.9429635428       -0.5269999703
     3667.0000000000        8.3365901328       -0.3015846287
     3676.0000000000        6.1935564099       -0.1862223426
     3685.0000000000        4.8405189218       -0.1198995311
     3694.0000000000        3.9666448130       -0.0768429431
     3703.0000000000        3.4290596715       -0.0432720328
     3712.0000000000        3.1952849262       -0.0068596245
     3721.0000000000        3.3861442618        0.0582902475
     3730.0000000000        4.6300527207        0.2659315128
     3739.0000000000       11.0522326680        1.6467743677
     3748.0000000000       65.8561686529        6.3886179084
     3757.0000000000       14.1483306132       -2.5851952929
     3766.0000000000        4.4698523002       -0.3960193359
     3775.0000000000        1.5368555574       -0.1147620526
     3784.0000000000        0.8597249202       -0.0482626748
     3793.0000000000        0.5476382654       -0.0245940430
     3802.0000000000        0.3788941384       -0.0141714426
     3811.0000000000        0.2775562738       -0.0088918520
     3820.0000000000        0.2120053111       -0.0059387897
     3829.0000000000        0.1671897041       -0.0041604190
     3838.0000000000        0.1352087184       -0.0030264478
     3847.0000000000        0.1115935349       -0.0022696610
     3856.0000000000        0.0936628726       -0.0017454667
     3865.0000000000        0.0797291625       -0.0013709801
     3874.0000000000        0.0686873958       -0.0010963686
     3883.0000000000        0.0597895238       -0.0008904456
     3892.0000000000        0.0525145516       -0.0007330147
     3901.0000000000        0.0464906086       -0.0006106052
     3910.0000000000        0.0000000000        0.0000000000
     3919.0000000000        0.0000000000        0.0000000000
     3928.0000000000        0.0000000000        0.0000000000
     3937.0000000000        0.0000000000        0.0000000000
     3946.0000000000        0.0000000000        0.0000000000
     3955.0000000000        0.0000000000        0.0000000000
     3964.0000000000        0.0000000000        0.0000000000
     3973.0000000000        0.0000000000        0.0000000000
     3982.0000000000        0.0000000000        0.0000000000
     3991.0000000000        0.0000000000        0.0000000000
