# IR Spectrum
# X-Axis:  Frequency (cm-1)
# Y-Axis:  Epsilon
#                  X                   Y               DY/DX
        0.0000000000        0.6812934336        0.0370307141
        8.0000000000        1.1658990662        0.0869279855
       16.0000000000        2.5025765736        0.3108010897
       24.0000000000       10.0731516558        2.0758321768
       32.0000000000       15.8949210890        1.9206346278
       40.0000000000       13.7679672097       -2.9823998960
       48.0000000000        5.4537000458        0.0537131736
       56.0000000000       15.3625205681        2.0412351043
       64.0000000000        5.4423776538       -0.9109885233
       72.0000000000        2.6484937807       -0.0680297186
       80.0000000000        3.1949223043        0.2266442097
       88.0000000000        8.8824138074        1.7329321781
       96.0000000000       26.9125619900       -3.9103753396
      104.0000000000        7.5442880037       -0.3993213428
      112.0000000000       14.1604669930        2.8280391745
      120.0000000000       22.7992157961       -5.1460528729
      128.0000000000        4.9771865172       -0.6276114174
      136.0000000000        2.6883365228       -0.0919108940
      144.0000000000        2.7676337760        0.1147416810
      152.0000000000        5.4049293023        0.7090770926
      160.0000000000       25.4774466232        6.1678686337
      168.0000000000       19.5104200140       -4.7515727909
      176.0000000000        4.3803772463       -0.5880676286
      184.0000000000        1.9418833312       -0.1449442925
      192.0000000000        1.3046924988       -0.0240779165
      200.0000000000        1.8759684947        0.2618089738
      208.0000000000        2.3389055276       -0.4583965271
      216.0000000000        0.7628692821       -0.0603247334
      224.0000000000        0.5313235352       -0.0051769157
      232.0000000000        0.7839652304        0.0927336969
      240.0000000000        0.5997459244       -0.0578948983
      248.0000000000        0.4568778520        0.0036286154
      256.0000000000        0.5770564941        0.0340851209
      264.0000000000        1.1645665928        0.1418135133
      272.0000000000        4.7016219527        1.1077025462
      280.0000000000        8.8420071869       -1.9798532681
      288.0000000000        1.8998039862       -0.2450143044
      296.0000000000        0.9544720893       -0.0511858142
      304.0000000000        0.7228014742       -0.0145216407
      312.0000000000        0.7145035083       -0.0017708300
      320.0000000000        0.7266851064        0.0043153583
      328.0000000000        0.7533295052        0.0089941065
      336.0000000000        0.8416472092        0.0131352848
      344.0000000000        0.9653042542        0.0179540892
      352.0000000000        1.1328045646        0.0242415015
      360.0000000000        1.3598898783        0.0330714723
      368.0000000000        1.6715627337        0.0462383305
      376.0000000000        2.1176977400        0.0669629140
      384.0000000000        2.7801495403        0.1018724475
      392.0000000000        3.8231835178        0.1657594558
      400.0000000000        5.6045286758        0.2964644502
      408.0000000000        9.0319615725        0.6102162894
      416.0000000000       16.9813978993        1.5765857566
      424.0000000000       42.6971068529        6.1742224932
      432.0000000000      202.9669975435       50.3375050120
      440.0000000000      247.7602200284      -61.1583860599
      448.0000000000       49.9847998850       -7.0761314732
      456.0000000000       23.8882125098       -0.9568366941
      464.0000000000       33.3945898675        4.8682488574
      472.0000000000       73.8091743716      -13.1237550207
      480.0000000000       15.4449879421       -2.2183933121
      488.0000000000        6.6132640991       -0.5247543313
      496.0000000000        3.9291319297       -0.2127626276
      504.0000000000        2.6916585240       -0.1121030965
      512.0000000000        1.9913037710       -0.0682068552
      520.0000000000        1.5459549548       -0.0453423221
      528.0000000000        1.2409710444       -0.0319944642
      536.0000000000        1.0211179576       -0.0235669526
      544.0000000000        0.8565314251       -0.0179341094
      552.0000000000        1.0656180450       -0.0097568250
      560.0000000000        1.0022670066       -0.0062028146
      568.0000000000        0.9648859284       -0.0032103249
      576.0000000000        0.9501512867       -0.0005011161
      584.0000000000        0.9567026899        0.0021455811
      592.0000000000        0.9848594722        0.0049350055
      600.0000000000        0.7700576413        0.0113491749
      608.0000000000        0.8737484717        0.0147249633
      616.0000000000        1.0403275047        0.0196411021
      624.0000000000        1.2212525867        0.0259483407
      632.0000000000        1.4125466475        0.0356208113
      640.0000000000        1.7475260811        0.0490832061
      648.0000000000        2.2183005646        0.0703034841
      656.0000000000        2.9097902642        0.1057840624
      664.0000000000        3.9853731378        0.1698221133
      672.0000000000        5.7928657754        0.2979501795
      680.0000000000        9.1833434300        0.5947156115
      688.0000000000       16.7110809090        1.4544004233
      696.0000000000       39.0359011460        5.0958917284
      704.0000000000      156.4894468842       35.7355845211
      712.0000000000      432.8379760208      -82.4953156177
      720.0000000000       74.6456868547      -12.9440517325
      728.0000000000       25.5386766792       -2.6593417510
      736.0000000000       12.9251085398       -0.8910118172
      744.0000000000        8.3389898316       -0.3399547326
      752.0000000000        6.9820408089        0.0079835995
      760.0000000000        9.8294681129        0.9744036018
      768.0000000000       39.8608070160        7.4612125698
      776.0000000000       16.5491362003       -3.4316891509
      784.0000000000        5.1381572104       -0.5127268447
      792.0000000000        2.8030279723       -0.1627243782
      800.0000000000        1.9115947269       -0.0760570163
      808.0000000000        1.4510999503       -0.0434804641
      816.0000000000        1.1729478792       -0.0276791828
      824.0000000000        0.9910474308       -0.0184980632
      832.0000000000        0.8692989560       -0.0122521212
      840.0000000000        0.7919268130       -0.0071780816
      848.0000000000        0.7547109525       -0.0019943113
      856.0000000000        0.7646939180        0.0050013221
      864.0000000000        0.8491741631        0.0176298614
      872.0000000000        0.7712271859        0.0521670455
      880.0000000000        1.5123902561        0.1578161895
      888.0000000000        4.5729969086        0.8232577809
      896.0000000000       24.5740028765        2.2950638485
      904.0000000000       11.4783388029       -1.9669591669
      912.0000000000        2.9172634227       -0.3550932657
      920.0000000000        1.4801605839       -0.0838141513
      928.0000000000        1.0825460908       -0.0269335077
      936.0000000000        0.9532166380       -0.0062005786
      944.0000000000        1.1743447829        0.0070696910
      952.0000000000        1.2636080249        0.0150671137
      960.0000000000        1.4153279310        0.0230040427
      968.0000000000        1.6360864107        0.0326021868
      976.0000000000        1.9793458329        0.0461772972
      984.0000000000        2.4219096580        0.0658979916
      992.0000000000        3.0654285318        0.0977015912
     1000.0000000000        4.0478629652        0.1535268680
     1008.0000000000        5.6720787080        0.2628487530
     1016.0000000000        8.6209372146        0.5117018961
     1024.0000000000       15.0368794784        1.2353702867
     1032.0000000000       34.4170190313        4.5640532116
     1040.0000000000      128.7521564909       17.5788927248
     1048.0000000000      432.4339226926       10.7774564054
     1056.0000000000       95.0456044990      -18.1973138967
     1064.0000000000       32.4034023567       -2.8139281093
     1072.0000000000       22.0760528117       -0.2132288681
     1080.0000000000       28.6404819466        2.2842354534
     1088.0000000000       81.8662150155       10.5448814780
     1096.0000000000      277.1674693139       52.2512841807
     1104.0000000000      110.0850870449      -24.4278440171
     1112.0000000000       30.6674584229       -3.2550147432
     1120.0000000000       19.8634269805        0.2049803577
     1128.0000000000       48.2415258970        7.1687749420
     1136.0000000000       19.5378878399       -3.4662576094
     1144.0000000000        7.6636940032       -0.5531474617
     1152.0000000000        5.4452431497       -0.0689028377
     1160.0000000000        7.3460419930        0.8013303455
     1168.0000000000       21.0648994205       -1.4636100076
     1176.0000000000        5.5225867017       -0.6331904689
     1184.0000000000        4.3633309012        0.0144492207
     1192.0000000000        2.2117686698       -0.1562774606
     1200.0000000000        1.5178942625       -0.0498258902
     1208.0000000000        1.2016909521       -0.0262320658
     1216.0000000000        0.7976228047       -0.0130440780
     1224.0000000000        0.7204090282       -0.0064999798
     1232.0000000000        0.6931572505       -0.0001307786
     1240.0000000000        0.7936476434        0.0100460349
     1248.0000000000        0.9419719997        0.0300695315
     1256.0000000000        1.3610281619        0.0930869805
     1264.0000000000        2.8463639035        0.4354438548
     1272.0000000000       15.0613255823        3.3684566708
     1280.0000000000        7.6151380743       -1.7479347970
     1288.0000000000        2.0202813409       -0.2271239245
     1296.0000000000        1.0478184028       -0.0548479562
     1304.0000000000        0.8086290935       -0.0120779599
     1312.0000000000        0.8041258324        0.0102361704
     1320.0000000000        1.1597956888        0.0433106101
     1328.0000000000        1.8455311386        0.1674032637
     1336.0000000000        4.9898776866        0.2712145658
     1344.0000000000        7.4284766429        1.2749705960
     1352.0000000000       15.4661228888       -2.9078611733
     1360.0000000000        4.3939348043       -0.3245973874
     1368.0000000000        3.9018355972        0.1152057820
     1376.0000000000        6.3745372269        0.5758490785
     1384.0000000000       17.8772241082        3.1689792488
     1392.0000000000       96.0772012007        9.5337247444
     1400.0000000000       24.8520482294       -4.9831753235
     1408.0000000000        8.0880381470       -0.7370285347
     1416.0000000000        5.1778154417       -0.1220341923
     1424.0000000000        5.4999697478        0.2259415211
     1432.0000000000       11.2903165031        1.7306924037
     1440.0000000000       36.3015017235       -1.3814607932
     1448.0000000000       12.6107603935       -1.1591444235
     1456.0000000000       11.3725853960        0.5130222903
     1464.0000000000       22.1738998015        2.6894851638
     1472.0000000000       87.7895318007       20.3578492313
     1480.0000000000      193.9484529611      -42.0062839734
     1488.0000000000       35.5499776398       -5.5472115329
     1496.0000000000       15.8109050630       -0.6323764544
     1504.0000000000       22.3786114990        0.1962077432
     1512.0000000000        9.9391155604       -0.5050982705
     1520.0000000000       13.0157835345        1.2360908032
     1528.0000000000       36.4181024888        4.4970483010
     1536.0000000000       47.0913250613       -4.8160229157
     1544.0000000000       12.4755451357       -1.1013732457
     1552.0000000000        5.7147859149       -0.7589421615
     1560.0000000000        2.6204948484       -0.1823652893
     1568.0000000000        1.6613524257       -0.0789126905
     1576.0000000000        1.1910198071       -0.0437624671
     1584.0000000000        0.9126531728       -0.0276369618
     1592.0000000000        0.7295987703       -0.0189258574
     1600.0000000000        0.5851070093       -0.0135064117
     1608.0000000000        0.4850752727       -0.0100831101
     1616.0000000000        0.4140308347       -0.0078145796
     1624.0000000000        0.3582972372       -0.0062058676
     1632.0000000000        0.3135997423       -0.0050265280
     1640.0000000000        0.1200283010       -0.0022044792
     1648.0000000000        0.1041711771       -0.0017800641
     1656.0000000000        0.0912746819       -0.0014583693
     1664.0000000000        0.0806425261       -0.0012100124
     1672.0000000000        0.0633535547       -0.0009148352
     1680.0000000000        0.0566239719       -0.0007728824
     1688.0000000000        0.0427979064       -0.0005584282
     1696.0000000000        0.0027218969       -0.0000366233
     1704.0000000000        0.0024509683       -0.0000312948
     1712.0000000000        0.0000000000        0.0000000000
     1720.0000000000        0.0000000000        0.0000000000
     1728.0000000000        0.0000000000        0.0000000000
     1736.0000000000        0.0000000000        0.0000000000
     1744.0000000000        0.0000000000        0.0000000000
     1752.0000000000        0.0000000000        0.0000000000
     1760.0000000000        0.0000000000        0.0000000000
     1768.0000000000        0.0000000000        0.0000000000
     1776.0000000000        0.0000000000        0.0000000000
     1784.0000000000        0.0000000000        0.0000000000
     1792.0000000000        0.0000000000        0.0000000000
     1800.0000000000        0.0000000000        0.0000000000
     1808.0000000000        0.0000000000        0.0000000000
     1816.0000000000        0.0000000000        0.0000000000
     1824.0000000000        0.0000000000        0.0000000000
     1832.0000000000        0.0000000000        0.0000000000
     1840.0000000000        0.0000000000        0.0000000000
     1848.0000000000        0.0000000000        0.0000000000
     1856.0000000000        0.0000000000        0.0000000000
     1864.0000000000        0.0000000000        0.0000000000
     1872.0000000000        0.0000000000        0.0000000000
     1880.0000000000        0.0000000000        0.0000000000
     1888.0000000000        0.0000000000        0.0000000000
     1896.0000000000        0.0000000000        0.0000000000
     1904.0000000000        0.0000000000        0.0000000000
     1912.0000000000        0.0000000000        0.0000000000
     1920.0000000000        0.0000000000        0.0000000000
     1928.0000000000        0.0000000000        0.0000000000
     1936.0000000000        0.0000000000        0.0000000000
     1944.0000000000        0.0000000000        0.0000000000
     1952.0000000000        0.0000000000        0.0000000000
     1960.0000000000        0.0000000000        0.0000000000
     1968.0000000000        0.0000000000        0.0000000000
     1976.0000000000        0.0000000000        0.0000000000
     1984.0000000000        0.0000000000        0.0000000000
     1992.0000000000        0.0000000000        0.0000000000
     2000.0000000000        0.0000000000        0.0000000000
     2008.0000000000        0.0000000000        0.0000000000
     2016.0000000000        0.0000000000        0.0000000000
     2024.0000000000        0.0000000000        0.0000000000
     2032.0000000000        0.0000000000        0.0000000000
     2040.0000000000        0.0000000000        0.0000000000
     2048.0000000000        0.0000000000        0.0000000000
     2056.0000000000        0.0000000000        0.0000000000
     2064.0000000000        0.0000000000        0.0000000000
     2072.0000000000        0.0000000000        0.0000000000
     2080.0000000000        0.0000000000        0.0000000000
     2088.0000000000        0.0000000000        0.0000000000
     2096.0000000000        0.0000000000        0.0000000000
     2104.0000000000        0.0000000000        0.0000000000
     2112.0000000000        0.0000000000        0.0000000000
     2120.0000000000        0.0000000000        0.0000000000
     2128.0000000000        0.0000000000        0.0000000000
     2136.0000000000        0.0000000000        0.0000000000
     2144.0000000000        0.0000000000        0.0000000000
     2152.0000000000        0.0000000000        0.0000000000
     2160.0000000000        0.0000000000        0.0000000000
     2168.0000000000        0.0000000000        0.0000000000
     2176.0000000000        0.0000000000        0.0000000000
     2184.0000000000        0.0000000000        0.0000000000
     2192.0000000000        0.0000000000        0.0000000000
     2200.0000000000        0.0000000000        0.0000000000
     2208.0000000000        0.0000000000        0.0000000000
     2216.0000000000        0.0000000000        0.0000000000
     2224.0000000000        0.0000000000        0.0000000000
     2232.0000000000        0.0000000000        0.0000000000
     2240.0000000000        0.0000000000        0.0000000000
     2248.0000000000        0.0000000000        0.0000000000
     2256.0000000000        0.0000000000        0.0000000000
     2264.0000000000        0.0000000000        0.0000000000
     2272.0000000000        0.0000000000        0.0000000000
     2280.0000000000        0.0000000000        0.0000000000
     2288.0000000000        0.0000000000        0.0000000000
     2296.0000000000        0.0000000000        0.0000000000
     2304.0000000000        0.0000000000        0.0000000000
     2312.0000000000        0.0000000000        0.0000000000
     2320.0000000000        0.0000000000        0.0000000000
     2328.0000000000        0.0000000000        0.0000000000
     2336.0000000000        0.0000000000        0.0000000000
     2344.0000000000        0.0000000000        0.0000000000
     2352.0000000000        0.0000000000        0.0000000000
     2360.0000000000        0.0000000000        0.0000000000
     2368.0000000000        0.0000000000        0.0000000000
     2376.0000000000        0.0000000000        0.0000000000
     2384.0000000000        0.0000000000        0.0000000000
     2392.0000000000        0.0000000000        0.0000000000
     2400.0000000000        0.0000000000        0.0000000000
     2408.0000000000        0.0000000000        0.0000000000
     2416.0000000000        0.0000000000        0.0000000000
     2424.0000000000        0.0000000000        0.0000000000
     2432.0000000000        0.0000000000        0.0000000000
     2440.0000000000        0.0000000000        0.0000000000
     2448.0000000000        0.0000000000        0.0000000000
     2456.0000000000        0.0000000000        0.0000000000
     2464.0000000000        0.0000000000        0.0000000000
     2472.0000000000        0.0000000000        0.0000000000
     2480.0000000000        0.0000000000        0.0000000000
     2488.0000000000        0.0000000000        0.0000000000
     2496.0000000000        0.0000000000        0.0000000000
     2504.0000000000        0.0000000000        0.0000000000
     2512.0000000000        0.0000000000        0.0000000000
     2520.0000000000        0.0000000000        0.0000000000
     2528.0000000000        0.0000000000        0.0000000000
     2536.0000000000        0.0000000000        0.0000000000
     2544.0000000000        0.0000000000        0.0000000000
     2552.0000000000        0.0000000000        0.0000000000
     2560.0000000000        0.0000000000        0.0000000000
     2568.0000000000        0.0000000000        0.0000000000
     2576.0000000000        0.0000000000        0.0000000000
     2584.0000000000        0.0000000000        0.0000000000
     2592.0000000000        0.0000000000        0.0000000000
     2600.0000000000        0.0000000000        0.0000000000
     2608.0000000000        0.0000000000        0.0000000000
     2616.0000000000        0.0000000000        0.0000000000
     2624.0000000000        0.0000000000        0.0000000000
     2632.0000000000        0.0000000000        0.0000000000
     2640.0000000000        0.0000000000        0.0000000000
     2648.0000000000        0.0000000000        0.0000000000
     2656.0000000000        0.0000000000        0.0000000000
     2664.0000000000        0.0000000000        0.0000000000
     2672.0000000000        0.0000000000        0.0000000000
     2680.0000000000        0.0000000000        0.0000000000
     2688.0000000000        0.0000000000        0.0000000000
     2696.0000000000        0.0000000000        0.0000000000
     2704.0000000000        0.0000000000        0.0000000000
     2712.0000000000        0.0000000000        0.0000000000
     2720.0000000000        0.0000000000        0.0000000000
     2728.0000000000        0.0000000000        0.0000000000
     2736.0000000000        0.0000000000        0.0000000000
     2744.0000000000        0.0000000000        0.0000000000
     2752.0000000000        0.0000000000        0.0000000000
     2760.0000000000        0.0000000000        0.0000000000
     2768.0000000000        0.0000000000        0.0000000000
     2776.0000000000        0.0000000000        0.0000000000
     2784.0000000000        0.0000000000        0.0000000000
     2792.0000000000        0.0000000000        0.0000000000
     2800.0000000000        0.0000000000        0.0000000000
     2808.0000000000        0.1540874849        0.0019468563
     2816.0000000000        0.1709276435        0.0022745010
     2824.0000000000        0.1906864386        0.0026799678
     2832.0000000000        0.2140792313        0.0031877965
     2840.0000000000        0.2420546931        0.0038324264
     2848.0000000000        0.2758924110        0.0046631855
     2856.0000000000        0.3173516526        0.0057523702
     2864.0000000000        0.3689043839        0.0072087493
     2872.0000000000        0.4793544472        0.0097729758
     2880.0000000000        0.6912246476        0.0142557335
     2888.0000000000        0.8900701266        0.0195901411
     2896.0000000000        1.0719699605        0.0263455559
     2904.0000000000        1.3871395182        0.0376266501
     2912.0000000000        1.7513710926        0.0549451934
     2920.0000000000        2.3741745508        0.0865413570
     2928.0000000000        3.2792447976        0.1470741213
     2936.0000000000        4.9256025996        0.2851821276
     2944.0000000000        8.5864939612        0.6819153578
     2952.0000000000       19.1070703515        2.3444158860
     2960.0000000000       72.7031090913       16.2167893871
     2968.0000000000      202.3173831499      -37.5241205134
     2976.0000000000       36.9262016766       -5.9425556978
     2984.0000000000       14.8066606856       -1.1335663252
     2992.0000000000        9.9960662599       -0.2602211446
     3000.0000000000        9.4617289772        0.1035330237
     3008.0000000000       11.7902664203        0.5220456254
     3016.0000000000       19.6790111298        1.7153430015
     3024.0000000000       53.3132567801        9.2755566120
     3032.0000000000      206.4244490030       20.8273466118
     3040.0000000000      160.1535955150       -0.3733030689
     3048.0000000000       62.2565301656       -8.8630461156
     3056.0000000000       46.7203833168        3.6070368016
     3064.0000000000      123.3296701030       -6.5600624329
     3072.0000000000       58.1484541982        2.0996779511
     3080.0000000000      138.5146430364       -7.1121448597
     3088.0000000000       63.1320221764        0.9359716733
     3096.0000000000      176.2131155260       29.7693047211
     3104.0000000000      270.9253092457       36.6444055804
     3112.0000000000      208.4244816290       -1.4629341768
     3120.0000000000       77.0035386729      -14.3544956254
     3128.0000000000       26.9818318028       -2.3128427883
     3136.0000000000       18.1977497015       -0.1620993323
     3144.0000000000       28.5790642841        4.0447817552
     3152.0000000000       86.1589841607       -9.2530725988
     3160.0000000000       18.2289812067       -2.7850960715
     3168.0000000000        7.6167526372       -0.5954980381
     3176.0000000000        4.6325315134       -0.2321954393
     3184.0000000000        3.2869870769       -0.1218986184
     3192.0000000000        2.4781189109       -0.0746867810
     3200.0000000000        1.8788597342       -0.0493732364
     3208.0000000000        1.4851297511       -0.0347748967
     3216.0000000000        1.2443211610       -0.0260367972
     3224.0000000000        0.9961779489       -0.0193354742
     3232.0000000000        0.8585977921       -0.0152832386
     3240.0000000000        0.6767052070       -0.0114326033
     3248.0000000000        0.5940079819       -0.0093392181
     3256.0000000000        0.5259666335       -0.0077399599
     3264.0000000000        0.3808862484       -0.0054308703
     3272.0000000000        0.1809165360       -0.0026517876
     3280.0000000000        0.0819312976       -0.0012695747
     3288.0000000000        0.0726463445       -0.0010600537
     3296.0000000000        0.0648543811       -0.0008942029
     3304.0000000000        0.0582517313       -0.0007612147
     3312.0000000000        0.0000000000        0.0000000000
     3320.0000000000        0.0000000000        0.0000000000
     3328.0000000000        0.0000000000        0.0000000000
     3336.0000000000        0.0000000000        0.0000000000
     3344.0000000000        0.0000000000        0.0000000000
     3352.0000000000        0.0000000000        0.0000000000
     3360.0000000000        0.0000000000        0.0000000000
     3368.0000000000        0.0000000000        0.0000000000
     3376.0000000000        0.0000000000        0.0000000000
     3384.0000000000        0.0000000000        0.0000000000
     3392.0000000000        0.0000000000        0.0000000000
     3400.0000000000        0.0000000000        0.0000000000
     3408.0000000000        0.0000000000        0.0000000000
     3416.0000000000        0.0000000000        0.0000000000
     3424.0000000000        0.0000000000        0.0000000000
     3432.0000000000        0.0000000000        0.0000000000
     3440.0000000000        0.8458638353        0.0105819193
     3448.0000000000        0.9373240658        0.0123433684
     3456.0000000000        1.0444574886        0.0145183731
     3464.0000000000        1.1710598845        0.0172357458
     3472.0000000000        1.3221493398        0.0206755882
     3480.0000000000        1.5044706864        0.0250947776
     3488.0000000000        1.7272605235        0.0308680117
     3496.0000000000        2.0034387421        0.0385559593
     3504.0000000000        2.3515214500        0.0490224219
     3512.0000000000        2.7988009130        0.0636439743
     3520.0000000000        3.3868499238        0.0847029292
     3528.0000000000        4.1815139764        0.1161653699
     3536.0000000000        5.2921107232        0.1653257531
     3544.0000000000        6.9109607269        0.2465717143
     3552.0000000000        9.4020913674        0.3909032524
     3560.0000000000       13.5234880216        0.6732823444
     3568.0000000000       21.0721527488        1.3058636863
     3576.0000000000       37.1871019701        3.0428067386
     3584.0000000000       81.6288963451        9.7269218515
     3592.0000000000      282.9785918142       57.5703480592
     3600.0000000000     1345.9262863145      -38.6484382114
     3608.0000000000      258.0727558216      -50.7142517750
     3616.0000000000       77.4002048475       -8.9808776183
     3624.0000000000       35.9144438766       -2.8768845692
     3632.0000000000       20.5877824210       -1.2498935026
     3640.0000000000       13.3398439935       -0.6484057823
     3648.0000000000        9.3665752875       -0.3770011751
     3656.0000000000        6.9672006196       -0.2368531176
     3664.0000000000        5.4197063547       -0.1568611008
     3672.0000000000        4.3776958869       -0.1072343639
     3680.0000000000        3.6613614375       -0.0737773860
     3688.0000000000        3.1750984659       -0.0487046118
     3696.0000000000        2.8741614928       -0.0265931507
     3704.0000000000        2.7571158297       -0.0015176956
     3712.0000000000        2.8865363368        0.0378900040
     3720.0000000000        3.4855271791        0.1257621927
     3728.0000000000        5.3872389092        0.4142977683
     3736.0000000000       13.2283303606        2.0862390739
     3744.0000000000       71.2492778272       13.3511181830
     3752.0000000000       26.2460407241       -5.7964998764
     3760.0000000000        6.3025941831       -0.8248025281
     3768.0000000000        2.6901430273       -0.2352101458
     3776.0000000000        1.4734243497       -0.0960425442
     3784.0000000000        0.9263069142       -0.0480306723
     3792.0000000000        0.6351942620       -0.0273209002
     3800.0000000000        0.4623233536       -0.0169823338
     3808.0000000000        0.3514251587       -0.0112619064
     3816.0000000000        0.2760886580       -0.0078456371
     3824.0000000000        0.2225984239       -0.0056816598
     3832.0000000000        0.1832620974       -0.0042452335
     3840.0000000000        0.1534957670       -0.0032547169
     3848.0000000000        0.1304306325       -0.0025497459
     3856.0000000000        0.1121971217       -0.0020344481
     3864.0000000000        0.0975347158       -0.0016491126
     3872.0000000000        0.0855685570       -0.0013552309
     3880.0000000000        0.0756760929       -0.0011272112
     3888.0000000000        0.0674045623       -0.0009475939
     3896.0000000000        0.0604183237       -0.0008041909
     3904.0000000000        0.0544643015       -0.0006883182
     3912.0000000000        0.0000000000        0.0000000000
     3920.0000000000        0.0000000000        0.0000000000
     3928.0000000000        0.0000000000        0.0000000000
     3936.0000000000        0.0000000000        0.0000000000
     3944.0000000000        0.0000000000        0.0000000000
     3952.0000000000        0.0000000000        0.0000000000
     3960.0000000000        0.0000000000        0.0000000000
     3968.0000000000        0.0000000000        0.0000000000
     3976.0000000000        0.0000000000        0.0000000000
     3984.0000000000        0.0000000000        0.0000000000
     3992.0000000000        0.0000000000        0.0000000000
