# IR Spectrum
# X-Axis:  Frequency (cm-1)
# Y-Axis:  Epsilon
#                  X                   Y               DY/DX
        0.0000000000        0.3336015968        0.0324012558
        9.0000000000        1.1335154447        0.2146977309
       18.0000000000        4.6167000961        0.6089962882
       27.0000000000        1.6742007503       -0.2815832377
       36.0000000000        0.5195866348       -0.0467412775
       45.0000000000        0.3765974816        0.0081559175
       54.0000000000        0.8426991490        0.0284153630
       63.0000000000        0.5701417398        0.0229613903
       72.0000000000        1.8205929518        0.3801113876
       81.0000000000        1.9638640157       -0.0743862103
       90.0000000000        3.4646340437       -0.4236605634
       99.0000000000        1.8760237378       -0.1393848330
      108.0000000000        2.4624227317        0.3397298331
      117.0000000000       14.8693850635        1.7456737682
      126.0000000000        3.2693236974       -0.6297560550
      135.0000000000        0.9705591920       -0.0854545495
      144.0000000000        0.6877275146        0.0204732338
      153.0000000000        1.8841468762        0.0091495399
      162.0000000000        0.4650269333       -0.0562318353
      171.0000000000        0.2385379909       -0.0101038522
      180.0000000000        0.1908082242       -0.0016683741
      189.0000000000        0.2029480856        0.0041209770
      198.0000000000        0.2849383306        0.0165393272
      207.0000000000        0.6357855894        0.0826888045
      216.0000000000        3.6196633572        0.7767281114
      225.0000000000        1.5304788893       -0.2688640032
      234.0000000000        0.9257027463        0.0616348333
      243.0000000000        3.5940274359        0.1479861925
      252.0000000000        1.2556828707       -0.0082252883
      261.0000000000        3.3840668139       -0.1553782165
      270.0000000000        0.6783908284       -0.0912381577
      279.0000000000        0.3217020169       -0.0120724753
      288.0000000000        0.3176629672        0.0124284778
      297.0000000000        0.7816483425        0.0743392555
      306.0000000000        0.9143297520        0.1108490349
      315.0000000000        3.1113426228       -0.3615762055
      324.0000000000        0.8370704827       -0.0410364803
      333.0000000000        1.1749914056        0.1344267717
      342.0000000000        6.4488300178        1.3263728847
      351.0000000000        2.3654734389       -0.4579272266
      360.0000000000        0.8799268982       -0.0414279072
      369.0000000000        0.8853254880        0.0413527439
      378.0000000000        2.3230907700        0.4099083292
      387.0000000000        5.9328121164       -1.1085607719
      396.0000000000        1.9470020738       -0.0148759962
      405.0000000000        4.4696092291        0.7940315796
      414.0000000000       14.6452880415        0.7888754262
      423.0000000000        3.6736620310       -0.3938617578
      432.0000000000        2.4182661319       -0.2948070883
      441.0000000000        1.6149911624        0.0449898962
      450.0000000000        4.1664385258        0.7285868436
      459.0000000000        5.1713239826        0.4548079800
      468.0000000000        7.2281763226       -1.4007702753
      477.0000000000        3.1263621184       -0.0831676319
      486.0000000000        3.8632219721        0.4013332432
      495.0000000000       10.2122747975       -0.9906456082
      504.0000000000        7.0159412329        0.4489884359
      513.0000000000       23.1943478802        4.7538326979
      522.0000000000       56.5894506078       -7.9479955097
      531.0000000000       58.3142698774       -8.4324837708
      540.0000000000       10.8123225449       -1.3817796011
      549.0000000000        6.2722338835        0.0979333110
      558.0000000000       19.2832978699        3.4833491698
      567.0000000000        7.2050857016       -1.2596632602
      576.0000000000        2.8655855671       -0.1246646412
      585.0000000000        3.1517866534        0.2342503622
      594.0000000000       12.4060141314        1.5316778195
      603.0000000000        6.1923453760        0.0486952599
      612.0000000000       23.3021585593        2.7475750364
      621.0000000000        5.4851810579       -1.0094345045
      630.0000000000        1.6969538781       -0.1557562545
      639.0000000000        0.8908913449       -0.0500428905
      648.0000000000        0.5975421494       -0.0225416988
      657.0000000000        0.4429110991       -0.0120749079
      666.0000000000        0.3600893306       -0.0070472066
      675.0000000000        0.3113228125       -0.0041291101
      684.0000000000        0.2448147253       -0.0016383623
      693.0000000000        0.2083909492        0.0004789411
      702.0000000000        0.2202318204        0.0022143723
      711.0000000000        0.2627047947        0.0047855205
      720.0000000000        0.3225091971        0.0089294393
      729.0000000000        0.4236856768        0.0176104334
      738.0000000000        0.6639846999        0.0396768953
      747.0000000000        1.3242375883        0.1209610839
      756.0000000000        4.0542436089        0.6924153258
      765.0000000000       23.2927353346        0.9641337458
      774.0000000000        6.1942584323       -1.1986754231
      783.0000000000        2.0990182754       -0.1187666828
      792.0000000000        2.0839337839        0.1172355781
      801.0000000000        6.5739847738        1.3809038676
      810.0000000000       12.0666407798       -2.7375712985
      819.0000000000        3.6595403164       -0.0037866630
      828.0000000000        2.4144801472       -0.2063711604
      837.0000000000        1.6321626716        0.0373571913
      846.0000000000        3.6383538549        0.6154714645
      855.0000000000        6.3018720510       -0.7903712566
      864.0000000000       10.1439782751        2.0982018509
      873.0000000000        9.5819080082       -2.0327996164
      882.0000000000        3.4046486194       -0.0872070137
      891.0000000000        4.8762826878        0.4954312667
      900.0000000000       23.2861672153        5.5567482673
      909.0000000000       16.5350145993       -3.5548938372
      918.0000000000        6.1792515700        0.0172379903
      927.0000000000       16.1627117018        1.8785527446
      936.0000000000       16.5774713928       -3.5981448868
      945.0000000000        6.6459754004       -0.1224522824
      954.0000000000        2.6509891231       -0.1722634018
      963.0000000000        2.2489220393        0.0460772868
      972.0000000000        4.1016289357        0.4118282251
      981.0000000000       18.9299475436        4.3504445596
      990.0000000000       11.9430266206       -2.2793923278
      999.0000000000        6.1928185851        0.3054111382
     1008.0000000000       16.7817151227        0.7014961278
     1017.0000000000        8.6195300807        0.2972043123
     1026.0000000000       19.6958946883        0.6273110455
     1035.0000000000        7.7095450972        0.0327678003
     1044.0000000000        6.2348950186       -0.5727742627
     1053.0000000000        7.9967980254        0.8865359476
     1062.0000000000        7.5100134980        0.4213239450
     1071.0000000000       10.9577019613       -0.5541297348
     1080.0000000000       15.5950709948        1.1409695149
     1089.0000000000       12.1661181040        0.3356111722
     1098.0000000000       25.1872358850        3.3437233601
     1107.0000000000      104.6859756446        9.8589137990
     1116.0000000000       88.3553797501        5.9278053025
     1125.0000000000      380.8150981390       27.3415874010
     1134.0000000000       96.6503600209       -8.3959036155
     1143.0000000000       57.0273220423       -3.2860401150
     1152.0000000000       24.0515650290       -0.8554934818
     1161.0000000000       49.2003961512        2.1320787868
     1170.0000000000       13.5273493393       -1.7509061662
     1179.0000000000        6.5321811650       -0.3107161830
     1188.0000000000        5.1697043006       -0.0164232814
     1197.0000000000        7.3887090571        0.7966968217
     1206.0000000000       11.4757557116       -1.4327004540
     1215.0000000000       11.7927079297        0.4184544358
     1224.0000000000       24.3566469924        1.6904175403
     1233.0000000000        8.2739697329       -0.7039182705
     1242.0000000000        6.6249436165        0.1070982473
     1251.0000000000       10.0791475186        0.8410948324
     1260.0000000000       16.0614426534        0.9205232200
     1269.0000000000       44.3102188756        7.3371685723
     1278.0000000000      138.3520489861       26.0690886162
     1287.0000000000      253.1552537489      -53.8852341374
     1296.0000000000      103.0104034778        3.6215175318
     1305.0000000000       29.7055668969       -4.2195902164
     1314.0000000000       13.2741262701       -0.5314277956
     1323.0000000000       19.8950575504        1.6228530063
     1332.0000000000        8.5256711602       -0.6336434605
     1341.0000000000        7.8312798918       -0.2465793707
     1350.0000000000        5.5057152979       -0.5016587318
     1359.0000000000        3.8234274711       -0.0377041116
     1368.0000000000        4.0544384729        0.0810930429
     1377.0000000000        5.8733441982        0.4161009624
     1386.0000000000       18.9072108928        2.5350868537
     1395.0000000000       12.6166597944       -1.1022015659
     1404.0000000000       12.4960588210        0.6808185375
     1413.0000000000       29.1403566404        4.0459634729
     1422.0000000000      129.0739570131       28.5441049604
     1431.0000000000      131.9582946629       -2.1105347064
     1440.0000000000       74.8310820711      -10.5419683726
     1449.0000000000       61.1094473910       -3.0382045785
     1458.0000000000       61.2985716979       -8.2635249322
     1467.0000000000       20.5137966200       -0.8483849013
     1476.0000000000       29.0619880191        3.5345247924
     1485.0000000000      117.0125123054       -3.3002888604
     1494.0000000000       90.4530219499       10.6756858437
     1503.0000000000       37.4405106580       -4.4420247699
     1512.0000000000       39.8030455857        2.1917528543
     1521.0000000000       68.3571742488        7.2692988481
     1530.0000000000       64.6142360853        2.1245186215
     1539.0000000000      161.8600076744      -14.9638470206
     1548.0000000000       95.5927234542      -10.8730112094
     1557.0000000000       66.8269957591       -8.1673076677
     1566.0000000000       29.4396335827       -5.2318894549
     1575.0000000000        8.7785987389       -0.7814169609
     1584.0000000000        4.7410438656       -0.2563138462
     1593.0000000000        3.0902048679       -0.1219580718
     1602.0000000000        2.1917723503       -0.0691400814
     1611.0000000000        1.6762579961       -0.0433371064
     1620.0000000000        1.3203859571       -0.0284781920
     1629.0000000000        1.1061864444       -0.0195165315
     1638.0000000000        0.9595237985       -0.0134181500
     1647.0000000000        1.1606942672       -0.0035983382
     1656.0000000000        1.1443052904        0.0010108431
     1665.0000000000        1.1257697852        0.0062187577
     1674.0000000000        1.1976365965        0.0116539749
     1683.0000000000        1.3183422632        0.0189913241
     1692.0000000000        1.5011544080        0.0302471803
     1701.0000000000        1.7585231327        0.0501312001
     1710.0000000000        2.3158641408        0.0887561510
     1719.0000000000        3.4485406852        0.1874382982
     1728.0000000000        6.4060223983        0.5743045257
     1737.0000000000       20.3475327261        3.0700741024
     1746.0000000000       85.7116311033       14.7374402798
     1755.0000000000       29.6094231955       -5.4772581570
     1764.0000000000       11.3973382442       -0.4939319165
     1773.0000000000       10.9066954996        0.2818517070
     1782.0000000000       16.7915267419        1.1525978726
     1791.0000000000       38.4147040702        4.6009242648
     1800.0000000000      172.8354546301       39.5000342303
     1809.0000000000      372.8726342542      -88.6600937770
     1818.0000000000       58.1173664369       -8.7225069384
     1827.0000000000       20.4050835995       -1.8634250199
     1836.0000000000       10.2445599921       -0.6630906998
     1845.0000000000        6.1496730015       -0.3070777395
     1854.0000000000        4.1038438283       -0.1665591611
     1863.0000000000        2.9363907586       -0.1003269942
     1872.0000000000        2.2072119253       -0.0651018825
     1881.0000000000        1.7210325298       -0.0446552321
     1890.0000000000        1.3804521256       -0.0319739252
     1899.0000000000        1.1282545432       -0.0236374396
     1908.0000000000        0.9383986449       -0.0179538127
     1917.0000000000        0.7409161363       -0.0133424896
     1926.0000000000        0.6339940983       -0.0105621387
     1935.0000000000        0.5486448922       -0.0085034190
     1944.0000000000        0.4794339830       -0.0069466619
     1953.0000000000        0.4225359143       -0.0057477790
     1962.0000000000        0.3751948128       -0.0048095881
     1971.0000000000        0.0000000000        0.0000000000
     1980.0000000000        0.0000000000        0.0000000000
     1989.0000000000        0.0000000000        0.0000000000
     1998.0000000000        0.0000000000        0.0000000000
     2007.0000000000        0.0000000000        0.0000000000
     2016.0000000000        0.0000000000        0.0000000000
     2025.0000000000        0.0000000000        0.0000000000
     2034.0000000000        0.0000000000        0.0000000000
     2043.0000000000        0.0000000000        0.0000000000
     2052.0000000000        0.0000000000        0.0000000000
     2061.0000000000        0.0000000000        0.0000000000
     2070.0000000000        0.0000000000        0.0000000000
     2079.0000000000        0.0000000000        0.0000000000
     2088.0000000000        0.0000000000        0.0000000000
     2097.0000000000        0.0000000000        0.0000000000
     2106.0000000000        0.0000000000        0.0000000000
     2115.0000000000        0.0000000000        0.0000000000
     2124.0000000000        0.0000000000        0.0000000000
     2133.0000000000        0.0000000000        0.0000000000
     2142.0000000000        0.0000000000        0.0000000000
     2151.0000000000        0.0000000000        0.0000000000
     2160.0000000000        0.0000000000        0.0000000000
     2169.0000000000        0.0000000000        0.0000000000
     2178.0000000000        0.0000000000        0.0000000000
     2187.0000000000        0.0000000000        0.0000000000
     2196.0000000000        0.0000000000        0.0000000000
     2205.0000000000        0.0000000000        0.0000000000
     2214.0000000000        0.0000000000        0.0000000000
     2223.0000000000        0.0000000000        0.0000000000
     2232.0000000000        0.0000000000        0.0000000000
     2241.0000000000        0.0000000000        0.0000000000
     2250.0000000000        0.0000000000        0.0000000000
     2259.0000000000        0.0000000000        0.0000000000
     2268.0000000000        0.0000000000        0.0000000000
     2277.0000000000        0.0000000000        0.0000000000
     2286.0000000000        0.0000000000        0.0000000000
     2295.0000000000        0.0000000000        0.0000000000
     2304.0000000000        0.0000000000        0.0000000000
     2313.0000000000        0.0000000000        0.0000000000
     2322.0000000000        0.0000000000        0.0000000000
     2331.0000000000        0.0000000000        0.0000000000
     2340.0000000000        0.0000000000        0.0000000000
     2349.0000000000        0.0000000000        0.0000000000
     2358.0000000000        0.0000000000        0.0000000000
     2367.0000000000        0.0000000000        0.0000000000
     2376.0000000000        0.0000000000        0.0000000000
     2385.0000000000        0.0000000000        0.0000000000
     2394.0000000000        0.0000000000        0.0000000000
     2403.0000000000        0.0000000000        0.0000000000
     2412.0000000000        0.0000000000        0.0000000000
     2421.0000000000        0.0000000000        0.0000000000
     2430.0000000000        0.0000000000        0.0000000000
     2439.0000000000        0.0000000000        0.0000000000
     2448.0000000000        0.0000000000        0.0000000000
     2457.0000000000        0.0000000000        0.0000000000
     2466.0000000000        0.0000000000        0.0000000000
     2475.0000000000        0.0000000000        0.0000000000
     2484.0000000000        0.0000000000        0.0000000000
     2493.0000000000        0.0000000000        0.0000000000
     2502.0000000000        0.0000000000        0.0000000000
     2511.0000000000        0.0000000000        0.0000000000
     2520.0000000000        0.0000000000        0.0000000000
     2529.0000000000        0.0000000000        0.0000000000
     2538.0000000000        0.0000000000        0.0000000000
     2547.0000000000        0.0000000000        0.0000000000
     2556.0000000000        0.0000000000        0.0000000000
     2565.0000000000        0.0000000000        0.0000000000
     2574.0000000000        0.0000000000        0.0000000000
     2583.0000000000        0.0000000000        0.0000000000
     2592.0000000000        0.0000000000        0.0000000000
     2601.0000000000        0.0000000000        0.0000000000
     2610.0000000000        0.0000000000        0.0000000000
     2619.0000000000        0.0000000000        0.0000000000
     2628.0000000000        0.0000000000        0.0000000000
     2637.0000000000        0.0000000000        0.0000000000
     2646.0000000000        0.0000000000        0.0000000000
     2655.0000000000        0.0000000000        0.0000000000
     2664.0000000000        0.0000000000        0.0000000000
     2673.0000000000        0.0000000000        0.0000000000
     2682.0000000000        0.0000000000        0.0000000000
     2691.0000000000        0.0000000000        0.0000000000
     2700.0000000000        0.0000000000        0.0000000000
     2709.0000000000        0.0000000000        0.0000000000
     2718.0000000000        0.0000000000        0.0000000000
     2727.0000000000        0.0000000000        0.0000000000
     2736.0000000000        0.0000000000        0.0000000000
     2745.0000000000        0.0000000000        0.0000000000
     2754.0000000000        0.0000000000        0.0000000000
     2763.0000000000        0.0000000000        0.0000000000
     2772.0000000000        0.0000000000        0.0000000000
     2781.0000000000        0.0000000000        0.0000000000
     2790.0000000000        0.0000000000        0.0000000000
     2799.0000000000        0.0000000000        0.0000000000
     2808.0000000000        0.0000000000        0.0000000000
     2817.0000000000        0.0000000000        0.0000000000
     2826.0000000000        0.0000000000        0.0000000000
     2835.0000000000        0.0000000000        0.0000000000
     2844.0000000000        0.0000000000        0.0000000000
     2853.0000000000        0.0000000000        0.0000000000
     2862.0000000000        0.0533950983        0.0006675569
     2871.0000000000        0.0599508934        0.0007941691
     2880.0000000000        0.0936292936        0.0012881077
     2889.0000000000        0.2982031680        0.0040185711
     2898.0000000000        0.7070984574        0.0095864067
     2907.0000000000        0.9626724316        0.0136568985
     2916.0000000000        1.1151979369        0.0168906596
     2925.0000000000        1.2845024767        0.0209268712
     2934.0000000000        1.4961169968        0.0263832646
     2943.0000000000        2.0695494585        0.0378825186
     2952.0000000000        2.4596617689        0.0495247806
     2961.0000000000        3.0737709672        0.0680152714
     2970.0000000000        4.1025963059        0.0991283028
     2979.0000000000        5.1840341091        0.1454498350
     2988.0000000000        6.9253711821        0.2327853571
     2997.0000000000        9.8543860054        0.4272720453
     3006.0000000000       16.1252109213        1.0533357739
     3015.0000000000       38.4085131156        5.6039894920
     3024.0000000000       97.1082953176      -11.2351920475
     3033.0000000000       99.4610467123       11.5577978858
     3042.0000000000      277.1514490958       46.4548847451
     3051.0000000000      516.5938857640       46.5007055441
     3060.0000000000      395.0477069135      -30.6702372188
     3069.0000000000      164.3893058373      -21.0317422253
     3078.0000000000       70.2402021529       -3.3560625164
     3087.0000000000       90.2199710774        9.6371841026
     3096.0000000000      358.3748581588       15.6374018220
     3105.0000000000      182.7120078890      -23.6862352214
     3114.0000000000      249.7841434001       17.8159186527
     3123.0000000000      424.7545453404      -13.0108108745
     3132.0000000000      156.6390352906      -23.0761861773
     3141.0000000000      120.9514679929       13.5102533312
     3150.0000000000      200.7123546674        6.9515710204
     3159.0000000000      449.4982177013      -34.6737085169
     3168.0000000000      138.9665788512      -18.3185040140
     3177.0000000000       72.3479043683        4.1827398885
     3186.0000000000       32.9481475988       -4.4802668181
     3195.0000000000       14.5920271826       -0.9076821474
     3204.0000000000        9.2068413246       -0.3851040643
     3213.0000000000        6.2925685259       -0.2105248745
     3222.0000000000        4.6062516233       -0.1307095096
     3231.0000000000        3.5588341656       -0.0880099964
     3240.0000000000        2.8734975393       -0.0628892178
     3249.0000000000        2.3845836453       -0.0468540964
     3258.0000000000        1.8838327318       -0.0343743144
     3267.0000000000        1.4722701721       -0.0252979999
     3276.0000000000        1.1821553291       -0.0190705015
     3285.0000000000        0.8254489828       -0.0129180782
     3294.0000000000        0.6527853090       -0.0097008262
     3303.0000000000        0.5735453810       -0.0079827497
     3312.0000000000        0.4281076009       -0.0056884320
     3321.0000000000        0.0975296324       -0.0013075655
     3330.0000000000        0.0361684740       -0.0004810221
     3339.0000000000        0.0321989936       -0.0004040639
     3348.0000000000        0.0000000000        0.0000000000
     3357.0000000000        0.0000000000        0.0000000000
     3366.0000000000        0.0000000000        0.0000000000
     3375.0000000000        0.0000000000        0.0000000000
     3384.0000000000        0.0000000000        0.0000000000
     3393.0000000000        0.0000000000        0.0000000000
     3402.0000000000        0.0000000000        0.0000000000
     3411.0000000000        0.0000000000        0.0000000000
     3420.0000000000        0.0000000000        0.0000000000
     3429.0000000000        0.0000000000        0.0000000000
     3438.0000000000        0.0000000000        0.0000000000
     3447.0000000000        0.0000000000        0.0000000000
     3456.0000000000        0.0000000000        0.0000000000
     3465.0000000000        0.0000000000        0.0000000000
     3474.0000000000        0.0000000000        0.0000000000
     3483.0000000000        0.0000000000        0.0000000000
     3492.0000000000        0.0000000000        0.0000000000
     3501.0000000000        0.0000000000        0.0000000000
     3510.0000000000        0.0000000000        0.0000000000
     3519.0000000000        0.0000000000        0.0000000000
     3528.0000000000        0.0000000000        0.0000000000
     3537.0000000000        0.0000000000        0.0000000000
     3546.0000000000        0.0000000000        0.0000000000
     3555.0000000000        0.0000000000        0.0000000000
     3564.0000000000        0.0000000000        0.0000000000
     3573.0000000000        0.0121690290        0.0001560628
     3582.0000000000        0.0137052293        0.0001865207
     3591.0000000000        0.0155517096        0.0002254463
     3600.0000000000        0.0177979927        0.0002759980
     3609.0000000000        0.0205683665        0.0003428598
     3618.0000000000        0.0240394313        0.0004331740
     3627.0000000000        0.0284689136        0.0005581877
     3636.0000000000        0.0342448378        0.0007362896
     3645.0000000000        0.0419733039        0.0009989063
     3654.0000000000        0.0526437972        0.0014026850
     3663.0000000000        0.0679613276        0.0020566084
     3672.0000000000        0.0910693061        0.0031881903
     3681.0000000000        0.1282909370        0.0053252537
     3690.0000000000        0.1939241626        0.0098790786
     3699.0000000000        0.3261297404        0.0214673758
     3708.0000000000        0.6563355036        0.0607291528
     3717.0000000000        1.8914499275        0.2866229917
     3726.0000000000       12.2675094002        2.8979728524
     3735.0000000000        5.4922537682       -1.2549487032
     3744.0000000000        1.2042818910       -0.1486011433
     3753.0000000000        0.4934851570       -0.0397735140
     3762.0000000000        0.2652397683       -0.0157716896
     3771.0000000000        0.1649707322       -0.0077575103
     3780.0000000000        0.1123478595       -0.0043659831
     3789.0000000000        0.0813808158       -0.0026939132
     3798.0000000000        0.0616422949       -0.0017768530
     3807.0000000000        0.0482973159       -0.0012327501
     3816.0000000000        0.0388571667       -0.0008898328
     3825.0000000000        0.0319354041       -0.0006631195
     3834.0000000000        0.0267102021       -0.0005072948
     3843.0000000000        0.0226694225       -0.0003966915
     3852.0000000000        0.0194804840       -0.0003160307
     3861.0000000000        0.0169198132       -0.0002558310
     3870.0000000000        0.0148326305       -0.0002099963
     3879.0000000000        0.0131090326       -0.0001744860
     3888.0000000000        0.0116692416       -0.0001465499
     3897.0000000000        0.0000000000        0.0000000000
     3906.0000000000        0.0000000000        0.0000000000
     3915.0000000000        0.0000000000        0.0000000000
     3924.0000000000        0.0000000000        0.0000000000
     3933.0000000000        0.0000000000        0.0000000000
     3942.0000000000        0.0000000000        0.0000000000
     3951.0000000000        0.0000000000        0.0000000000
     3960.0000000000        0.0000000000        0.0000000000
     3969.0000000000        0.0000000000        0.0000000000
     3978.0000000000        0.0000000000        0.0000000000
     3987.0000000000        0.0000000000        0.0000000000
     3996.0000000000        0.0000000000        0.0000000000
