# IR Spectrum
# X-Axis:  Frequency (cm-1)
# Y-Axis:  Epsilon
#                  X                   Y               DY/DX
     -500.0000000000        0.0000000000        0.0000000000
     -491.0000000000        0.0000000000        0.0000000000
     -482.0000000000        0.0000000000        0.0000000000
     -473.0000000000        0.0000000000        0.0000000000
     -464.0000000000        0.0000000000        0.0000000000
     -455.0000000000        0.0000000000        0.0000000000
     -446.0000000000        0.0000000000        0.0000000000
     -437.0000000000        0.0000000000        0.0000000000
     -428.0000000000        0.0000000000        0.0000000000
     -419.0000000000        0.0000000000        0.0000000000
     -410.0000000000        0.0000000000        0.0000000000
     -401.0000000000        0.0000000000        0.0000000000
     -392.0000000000        0.0000000000        0.0000000000
     -383.0000000000        0.0000000000        0.0000000000
     -374.0000000000        0.0000000000        0.0000000000
     -365.0000000000        0.0000000000        0.0000000000
     -356.0000000000        0.0000000000        0.0000000000
     -347.0000000000        0.0000000000        0.0000000000
     -338.0000000000        0.0000000000        0.0000000000
     -329.0000000000        0.0000000000        0.0000000000
     -320.0000000000        0.0000000000        0.0000000000
     -311.0000000000        0.0000000000        0.0000000000
     -302.0000000000        0.0000000000        0.0000000000
     -293.0000000000        0.0000000000        0.0000000000
     -284.0000000000        0.0000000000        0.0000000000
     -275.0000000000        0.0000000000        0.0000000000
     -266.0000000000        0.0000000000        0.0000000000
     -257.0000000000        0.0000000000        0.0000000000
     -248.0000000000        0.0000000000        0.0000000000
     -239.0000000000        0.0000000000        0.0000000000
     -230.0000000000        0.0000000000        0.0000000000
     -221.0000000000        0.0000000000        0.0000000000
     -212.0000000000        0.0000000000        0.0000000000
     -203.0000000000        0.0000000000        0.0000000000
     -194.0000000000        0.0000000000        0.0000000000
     -185.0000000000        0.0000000000        0.0000000000
     -176.0000000000        0.0000000000        0.0000000000
     -167.0000000000        0.0000000000        0.0000000000
     -158.0000000000        0.0000000000        0.0000000000
     -149.0000000000        0.0000000000        0.0000000000
     -140.0000000000        0.0019960213        0.0000256101
     -131.0000000000        0.0022481246        0.0000306109
     -122.0000000000        0.0025511751        0.0000370028
     -113.0000000000        0.0029198809        0.0000453049
     -104.0000000000        0.0034041185        0.0000566586
      -95.0000000000        0.0039776551        0.0000715671
      -86.0000000000        0.0057960556        0.0001063299
      -77.0000000000        0.0156192876        0.0002523121
      -68.0000000000        0.0187101617        0.0003286332
      -59.0000000000        0.0220960103        0.0004302982
      -50.0000000000        0.0266097278        0.0005840021
      -41.0000000000        0.0328856779        0.0008317829
      -32.0000000000        0.0736626143        0.0016653840
      -23.0000000000        0.1115226616        0.0028576300
      -14.0000000000        0.1457363654        0.0050880149
       -5.0000000000        0.3529212158        0.0137683814
        4.0000000000        0.5956369444        0.0524190526
       13.0000000000        2.3754574379        0.4849896788
       22.0000000000        1.2797643184       -0.1929823132
       31.0000000000        0.6801646246       -0.0119630950
       40.0000000000        1.0963613618        0.0184232086
       49.0000000000        1.3655406642        0.0454004311
       58.0000000000        2.0218325683        0.1176863443
       67.0000000000        4.9804244893        0.5263277446
       76.0000000000       14.8840145678        0.5302959499
       85.0000000000        5.2181150439       -0.2484581229
       94.0000000000        4.3551033498        0.0111542487
      103.0000000000        5.3906526891        0.2142481410
      112.0000000000        8.9608495828        0.6960211059
      121.0000000000       26.8201771511        4.9625674271
      130.0000000000       62.7214909868       -2.2666055955
      139.0000000000       31.1703339400        0.2763713474
      148.0000000000       90.8894952890       19.7333602387
      157.0000000000      120.1029850749      -26.9878563495
      166.0000000000       35.3894079964       -1.5686041185
      175.0000000000       42.5376434266        3.2703691680
      184.0000000000      143.2638334034       29.1026235721
      193.0000000000      460.4282001565      -89.1536582553
      202.0000000000       73.5348263400      -10.4672496962
      211.0000000000       32.2678344000       -1.4885494100
      220.0000000000       29.2870502318       -0.2683704283
      229.0000000000       41.8186834668        3.9787382926
      238.0000000000       90.5909554898        9.1914468512
      247.0000000000      503.5440584697      116.9886158839
      256.0000000000      224.9795428915      -50.1804967507
      265.0000000000       53.7405853408       -5.9297131150
      274.0000000000       22.5573973069       -1.7129760703
      283.0000000000       13.2349968606       -0.5448350512
      292.0000000000       12.8699211658        0.0349593749
      301.0000000000        9.6679598699       -0.8233807479
      310.0000000000        5.0524900233       -0.2153861059
      319.0000000000        3.6800226701       -0.0887567707
      328.0000000000        3.1436835009       -0.0309455862
      337.0000000000        3.3569873922        0.1053622849
      346.0000000000        8.2369725298        1.1673662968
      355.0000000000        3.6672459469       -0.3823895904
      364.0000000000        2.4882177726       -0.0099463788
      373.0000000000        2.9304942047        0.1152334978
      382.0000000000        5.3052663903        0.5288026558
      391.0000000000       22.0682723405        4.7315143169
      400.0000000000       38.9311149112        4.9111081559
      409.0000000000       21.2722414849       -4.1143597785
      418.0000000000        5.1840374799       -0.4840392750
      427.0000000000        3.5594614698       -0.3162109653
      436.0000000000        2.0873735628       -0.0228160577
      445.0000000000        2.8993506861        0.2760374694
      454.0000000000       12.3291239458        1.0624483532
      463.0000000000        4.8384757568       -0.5590860659
      472.0000000000        3.5038744701        0.1349997114
      481.0000000000        7.8824135218        1.1343243240
      490.0000000000       43.6201290716        5.3198430280
      499.0000000000       26.1613291980       -6.1591243690
      508.0000000000        5.2971272979       -0.6516999784
      517.0000000000        2.3204113579       -0.1548398143
      526.0000000000        1.5114215807       -0.0441078740
      535.0000000000        1.3997583622        0.0210940707
      544.0000000000        2.1899586894        0.2050306126
      553.0000000000        9.6417681732        2.2602015678
      562.0000000000        7.0384311571       -1.5581069767
      571.0000000000        1.9490365974       -0.1407135424
      580.0000000000        1.6363648467        0.0518885985
      589.0000000000        3.8494020538        0.6662270499
      598.0000000000        8.3321453691       -1.1848027567
      607.0000000000       11.9713757268        2.5481302260
      616.0000000000       10.5203569754       -2.5121307447
      625.0000000000        2.1664954603       -0.2647961553
      634.0000000000        0.9302465517       -0.0677218690
      643.0000000000        0.5420677708       -0.0269012091
      652.0000000000        0.3530527883       -0.0131733507
      661.0000000000        0.2483144081       -0.0069698361
      670.0000000000        0.2059838536       -0.0039045698
      679.0000000000        0.1824463958       -0.0020380245
      688.0000000000        0.1703413057       -0.0006999012
      697.0000000000        0.1719681145        0.0005387840
      706.0000000000        0.1827779413        0.0019198484
      715.0000000000        0.2370766192        0.0042660551
      724.0000000000        0.2796638995        0.0078868292
      733.0000000000        0.3790853397        0.0152284289
      742.0000000000        0.5940192953        0.0351995201
      751.0000000000        1.2167998919        0.1185296562
      760.0000000000        4.3871609084        0.8286653749
      769.0000000000       16.4079666790        2.6078807132
      778.0000000000        4.8226585709       -0.9103235562
      787.0000000000        1.6560446075       -0.1033131478
      796.0000000000        1.3508583268        0.0176415713
      805.0000000000        2.0685290639        0.1758578239
      814.0000000000        7.4746232432        1.5959092012
      823.0000000000       14.9838247591       -2.4107998585
      832.0000000000        5.6946807295        0.3159501145
      841.0000000000        4.3616783078       -0.1694742999
      850.0000000000        6.0797614659       -0.4055867787
      859.0000000000        8.1826947209        1.1743208743
      868.0000000000       43.5302846146        0.8740955223
      877.0000000000        9.0603432989       -1.2387443846
      886.0000000000        6.0344196277        0.2498866443
      895.0000000000       18.1152241121        2.6331545539
      904.0000000000       48.6274708534       -5.5743167927
      913.0000000000        8.7706845320       -1.1244757423
      922.0000000000        5.7140963172        0.2163386779
      931.0000000000       20.6057518285        4.2425559282
      940.0000000000        8.8035144302       -1.7084753895
      949.0000000000        2.9284505882       -0.2028899748
      958.0000000000        2.2238976168       -0.0237315661
      967.0000000000        2.5479258065        0.0734650164
      976.0000000000        4.1470864085        0.3587191979
      985.0000000000       15.5494234297        3.4142560906
      994.0000000000       19.3000959644       -3.4398341728
     1003.0000000000        8.9455189043        0.5455625838
     1012.0000000000        8.4913732436       -0.5162493393
     1021.0000000000       16.3951579046        2.5977663895
     1030.0000000000       11.0293025752       -0.7007437306
     1039.0000000000       14.3860256655        1.4223245477
     1048.0000000000       43.4758835128        6.0186653824
     1057.0000000000      151.6106127389      -21.3893635457
     1066.0000000000       35.4250947045       -2.5574680835
     1075.0000000000       17.8642269372       -0.8494364968
     1084.0000000000       24.0781235100       -0.3077944495
     1093.0000000000       22.6610938653        1.5546066700
     1102.0000000000       72.3631687268       10.7481980325
     1111.0000000000      245.2678880576       24.2546903656
     1120.0000000000      214.4949646452       19.2359760084
     1129.0000000000       61.5700442429       -9.6364684270
     1138.0000000000       43.9871691766        4.6084438591
     1147.0000000000       31.3619552929       -4.3986054702
     1156.0000000000       20.2551394865        1.2718101716
     1165.0000000000       47.1849735932       -5.7719712940
     1174.0000000000       17.5254155356       -0.1574508125
     1183.0000000000       34.3269955661        5.3866565693
     1192.0000000000      162.6977401027       -9.1088927053
     1201.0000000000       39.2905095401       -3.6532463322
     1210.0000000000       34.5999150937        1.9833054210
     1219.0000000000       13.6105165090       -0.8476265258
     1228.0000000000       23.8708794157        2.0829883640
     1237.0000000000        8.6294824227       -0.8372248454
     1246.0000000000        5.9397211040       -0.0166143199
     1255.0000000000        7.4965101297        0.4452899890
     1264.0000000000       13.3672741504        1.0931189113
     1273.0000000000       35.8537082399       -0.1475690796
     1282.0000000000      101.6961376254       22.3386447818
     1291.0000000000       65.1716095267       -7.8467978218
     1300.0000000000      126.0491667300       24.7569774597
     1309.0000000000       63.1064118656      -12.5347633400
     1318.0000000000       30.8764308548       -2.6093770590
     1327.0000000000       10.8632087304       -0.8411214066
     1336.0000000000       11.7293094607        1.3136850119
     1345.0000000000       11.4478226681       -1.7799908308
     1354.0000000000        3.9410636158       -0.2349428904
     1363.0000000000        3.1771046917        0.0300063336
     1372.0000000000        6.2151406841        0.9552427755
     1381.0000000000        5.5066880059       -0.2089549645
     1390.0000000000       12.8244926907        0.6007566532
     1399.0000000000        4.5058668499       -0.3050317441
     1408.0000000000        4.3905306319        0.2140638414
     1417.0000000000       12.0843900816        2.2607578623
     1426.0000000000       16.1057986604       -0.7035571737
     1435.0000000000       12.7271807426       -0.7385209404
     1444.0000000000       22.5595991102        3.7196703374
     1453.0000000000       75.4861732660        4.1627405900
     1462.0000000000       49.6449460417       -9.5813471548
     1471.0000000000       13.6400170521       -0.8694385783
     1480.0000000000       15.8441632781        1.6685792986
     1489.0000000000       54.7632338112       -3.0537178432
     1498.0000000000       45.4027263182       -0.5960323617
     1507.0000000000       21.5129030611        0.7575224842
     1516.0000000000       48.6576929428        3.4040189080
     1525.0000000000       79.6242816023       -3.3117852313
     1534.0000000000       55.6354059483        0.6797394312
     1543.0000000000      103.4706084352        5.5602586011
     1552.0000000000       58.6568983690      -13.0359948928
     1561.0000000000       16.7580949811       -0.5701147144
     1570.0000000000        9.8874226906       -1.4364955367
     1579.0000000000        4.1002678074       -0.2734855765
     1588.0000000000        2.5111015250       -0.1134479327
     1597.0000000000        1.7918241416       -0.0613900557
     1606.0000000000        1.3570330307       -0.0378615041
     1615.0000000000        1.0410350083       -0.0246473264
     1624.0000000000        0.8172968811       -0.0165430970
     1633.0000000000        0.6920342122       -0.0116091963
     1642.0000000000        0.6040275212       -0.0081258872
     1651.0000000000        0.5154407567       -0.0051063484
     1660.0000000000        0.4598780463       -0.0026283495
     1669.0000000000        0.4458036314       -0.0004778226
     1678.0000000000        0.4400957305        0.0021525060
     1687.0000000000        0.4335136840        0.0059972169
     1696.0000000000        0.4823956064        0.0116147200
     1705.0000000000        0.5909996120        0.0219049112
     1714.0000000000        0.8120246855        0.0443631830
     1723.0000000000        1.4311833409        0.1045064264
     1732.0000000000        3.1767130397        0.3479715386
     1741.0000000000       11.9933727599        2.3013926328
     1750.0000000000       61.8606945508        3.2120023718
     1759.0000000000       11.5087978613       -2.2029748459
     1768.0000000000        3.1817723638       -0.3428266585
     1777.0000000000        1.4365038692       -0.1052050450
     1786.0000000000        0.8117545447       -0.0448568035
     1795.0000000000        0.5204456139       -0.0230652320
     1804.0000000000        0.3617074083       -0.0133750689
     1813.0000000000        0.2658460419       -0.0084317498
     1822.0000000000        0.2035770486       -0.0056519682
     1831.0000000000        0.1608657231       -0.0039709241
     1840.0000000000        0.1303062538       -0.0028953912
     1849.0000000000        0.1076920836       -0.0021756094
     1858.0000000000        0.0904905581       -0.0016758865
     1867.0000000000        0.0771030457       -0.0013181762
     1876.0000000000        0.0664802074       -0.0010554205
     1885.0000000000        0.0579101837       -0.0008580963
     1894.0000000000        0.0508962773       -0.0007070435
     1903.0000000000        0.0450833907       -0.0005894583
     1912.0000000000        0.0000000000        0.0000000000
     1921.0000000000        0.0000000000        0.0000000000
     1930.0000000000        0.0000000000        0.0000000000
     1939.0000000000        0.0000000000        0.0000000000
     1948.0000000000        0.0000000000        0.0000000000
     1957.0000000000        0.0000000000        0.0000000000
     1966.0000000000        0.0000000000        0.0000000000
     1975.0000000000        0.0000000000        0.0000000000
     1984.0000000000        0.0000000000        0.0000000000
     1993.0000000000        0.0000000000        0.0000000000
     2002.0000000000        0.0000000000        0.0000000000
     2011.0000000000        0.0000000000        0.0000000000
     2020.0000000000        0.0000000000        0.0000000000
     2029.0000000000        0.0000000000        0.0000000000
     2038.0000000000        0.0000000000        0.0000000000
     2047.0000000000        0.0000000000        0.0000000000
     2056.0000000000        0.0000000000        0.0000000000
     2065.0000000000        0.0000000000        0.0000000000
     2074.0000000000        0.0000000000        0.0000000000
     2083.0000000000        0.0000000000        0.0000000000
     2092.0000000000        0.0000000000        0.0000000000
     2101.0000000000        0.0000000000        0.0000000000
     2110.0000000000        0.0000000000        0.0000000000
     2119.0000000000        0.0000000000        0.0000000000
     2128.0000000000        0.0000000000        0.0000000000
     2137.0000000000        0.0000000000        0.0000000000
     2146.0000000000        0.0000000000        0.0000000000
     2155.0000000000        0.0000000000        0.0000000000
     2164.0000000000        0.0000000000        0.0000000000
     2173.0000000000        0.0000000000        0.0000000000
     2182.0000000000        0.0000000000        0.0000000000
     2191.0000000000        0.0000000000        0.0000000000
     2200.0000000000        0.0000000000        0.0000000000
     2209.0000000000        0.0000000000        0.0000000000
     2218.0000000000        0.0000000000        0.0000000000
     2227.0000000000        0.0000000000        0.0000000000
     2236.0000000000        0.0000000000        0.0000000000
     2245.0000000000        0.0000000000        0.0000000000
     2254.0000000000        0.0000000000        0.0000000000
     2263.0000000000        0.0000000000        0.0000000000
     2272.0000000000        0.0000000000        0.0000000000
     2281.0000000000        0.0000000000        0.0000000000
     2290.0000000000        0.0000000000        0.0000000000
     2299.0000000000        0.0000000000        0.0000000000
     2308.0000000000        0.0000000000        0.0000000000
     2317.0000000000        0.0000000000        0.0000000000
     2326.0000000000        0.0000000000        0.0000000000
     2335.0000000000        0.0000000000        0.0000000000
     2344.0000000000        0.0000000000        0.0000000000
     2353.0000000000        0.0000000000        0.0000000000
     2362.0000000000        0.0000000000        0.0000000000
     2371.0000000000        0.0000000000        0.0000000000
     2380.0000000000        0.0000000000        0.0000000000
     2389.0000000000        0.0000000000        0.0000000000
     2398.0000000000        0.0000000000        0.0000000000
     2407.0000000000        0.0000000000        0.0000000000
     2416.0000000000        0.0000000000        0.0000000000
     2425.0000000000        0.0000000000        0.0000000000
     2434.0000000000        0.0000000000        0.0000000000
     2443.0000000000        0.0000000000        0.0000000000
     2452.0000000000        0.0000000000        0.0000000000
     2461.0000000000        0.0000000000        0.0000000000
     2470.0000000000        0.0000000000        0.0000000000
     2479.0000000000        0.0000000000        0.0000000000
     2488.0000000000        0.0000000000        0.0000000000
     2497.0000000000        0.0000000000        0.0000000000
     2506.0000000000        0.0000000000        0.0000000000
     2515.0000000000        0.0000000000        0.0000000000
     2524.0000000000        0.0000000000        0.0000000000
     2533.0000000000        0.0000000000        0.0000000000
     2542.0000000000        0.0000000000        0.0000000000
     2551.0000000000        0.0000000000        0.0000000000
     2560.0000000000        0.0000000000        0.0000000000
     2569.0000000000        0.0000000000        0.0000000000
     2578.0000000000        0.0000000000        0.0000000000
     2587.0000000000        0.0000000000        0.0000000000
     2596.0000000000        0.0000000000        0.0000000000
     2605.0000000000        0.0000000000        0.0000000000
     2614.0000000000        0.0000000000        0.0000000000
     2623.0000000000        0.0000000000        0.0000000000
     2632.0000000000        0.0000000000        0.0000000000
     2641.0000000000        0.0000000000        0.0000000000
     2650.0000000000        0.0000000000        0.0000000000
     2659.0000000000        0.0000000000        0.0000000000
     2668.0000000000        0.0000000000        0.0000000000
     2677.0000000000        0.0000000000        0.0000000000
     2686.0000000000        0.0000000000        0.0000000000
     2695.0000000000        0.0000000000        0.0000000000
     2704.0000000000        0.0000000000        0.0000000000
     2713.0000000000        0.0000000000        0.0000000000
     2722.0000000000        0.0000000000        0.0000000000
     2731.0000000000        0.0000000000        0.0000000000
     2740.0000000000        0.0000000000        0.0000000000
     2749.0000000000        0.0000000000        0.0000000000
     2758.0000000000        0.0000000000        0.0000000000
     2767.0000000000        0.0000000000        0.0000000000
     2776.0000000000        0.0000000000        0.0000000000
     2785.0000000000        0.0000000000        0.0000000000
     2794.0000000000        0.0000000000        0.0000000000
     2803.0000000000        0.0000000000        0.0000000000
     2812.0000000000        0.0000000000        0.0000000000
     2821.0000000000        0.0000000000        0.0000000000
     2830.0000000000        0.0000000000        0.0000000000
     2839.0000000000        0.0000000000        0.0000000000
     2848.0000000000        0.0000000000        0.0000000000
     2857.0000000000        0.0000000000        0.0000000000
     2866.0000000000        0.0475266682        0.0005973527
     2875.0000000000        0.0533958370        0.0007113264
     2884.0000000000        0.1210076290        0.0016554524
     2893.0000000000        0.4927266941        0.0065558446
     2902.0000000000        0.8466137001        0.0116298445
     2911.0000000000        1.1770247127        0.0168948118
     2920.0000000000        1.3453268977        0.0206767165
     2929.0000000000        1.5528859131        0.0256916860
     2938.0000000000        1.8814244654        0.0333730027
     2947.0000000000        2.3223092029        0.0442856950
     2956.0000000000        2.8943643864        0.0598858856
     2965.0000000000        3.7913283692        0.0847406467
     2974.0000000000        4.7569705720        0.1198113723
     2983.0000000000        6.2501371837        0.1799109371
     2992.0000000000        8.6322477385        0.2925047269
     3001.0000000000       12.3756454422        0.5370963708
     3010.0000000000       19.8882043939        1.3056113517
     3019.0000000000       47.3719831023        6.9005103410
     3028.0000000000      102.4323251445       -4.9108143203
     3037.0000000000      169.9718430828       -2.0906622783
     3046.0000000000      435.9802425705       57.2639214482
     3055.0000000000      587.6025656364      -29.0621672601
     3064.0000000000      434.3873833279      -36.6963864335
     3073.0000000000      141.4373975494      -21.2196388073
     3082.0000000000       67.0573856482       -0.8524422542
     3091.0000000000      128.0997959715       18.6333575058
     3100.0000000000      151.7170039278       14.3958667062
     3109.0000000000      327.6481415124       -0.3487823732
     3118.0000000000      420.0321716013       14.4775019108
     3127.0000000000      290.7656304429      -22.3010556882
     3136.0000000000      359.7590481708      -23.6992453238
     3145.0000000000      425.0873210599       28.1170963726
     3154.0000000000      395.4964173061      -37.9427292293
     3163.0000000000      133.4574427217      -24.1582550881
     3172.0000000000       46.5116610528       -2.8911895167
     3181.0000000000       51.5176998712        6.0794808802
     3190.0000000000       57.2718540685      -11.4907395941
     3199.0000000000       16.9249583397       -1.3793079718
     3208.0000000000        9.7622806199       -0.4441416269
     3217.0000000000        6.5761729082       -0.2220131574
     3226.0000000000        4.7561980406       -0.1333214481
     3235.0000000000        3.7370757099       -0.0897496213
     3244.0000000000        3.0519967894       -0.0645112163
     3253.0000000000        2.5490032495       -0.0483706945
     3262.0000000000        2.1078299138       -0.0367224130
     3271.0000000000        1.6251551154       -0.0267464804
     3280.0000000000        1.2299494896       -0.0192557137
     3289.0000000000        0.9537494453       -0.0141839135
     3298.0000000000        0.6821896291       -0.0097377681
     3307.0000000000        0.4687791785       -0.0064141287
     3316.0000000000        0.1811372033       -0.0025079592
     3325.0000000000        0.0683622669       -0.0009845235
     3334.0000000000        0.0602938885       -0.0008155163
     3343.0000000000        0.0535736844       -0.0006830740
     3352.0000000000        0.0000000000        0.0000000000
     3361.0000000000        0.0000000000        0.0000000000
     3370.0000000000        0.0000000000        0.0000000000
     3379.0000000000        0.0000000000        0.0000000000
     3388.0000000000        0.0000000000        0.0000000000
     3397.0000000000        0.0000000000        0.0000000000
     3406.0000000000        0.0000000000        0.0000000000
     3415.0000000000        0.0000000000        0.0000000000
     3424.0000000000        0.0000000000        0.0000000000
     3433.0000000000        0.0000000000        0.0000000000
     3442.0000000000        0.0000000000        0.0000000000
     3451.0000000000        0.0000000000        0.0000000000
     3460.0000000000        0.0000000000        0.0000000000
     3469.0000000000        0.0000000000        0.0000000000
     3478.0000000000        0.0000000000        0.0000000000
     3487.0000000000        0.0000000000        0.0000000000
     3496.0000000000        0.0000000000        0.0000000000
     3505.0000000000        0.0000000000        0.0000000000
     3514.0000000000        0.0000000000        0.0000000000
     3523.0000000000        0.0000000000        0.0000000000
     3532.0000000000        0.0000000000        0.0000000000
     3541.0000000000        0.0000000000        0.0000000000
     3550.0000000000        0.0038141798        0.0000492878
     3559.0000000000        0.0073479900        0.0000971727
     3568.0000000000        0.0083074749        0.0001168537
     3577.0000000000        0.0094684138        0.0001422435
     3586.0000000000        0.0108915795        0.0001755774
     3595.0000000000        0.0126625903        0.0002202330
     3604.0000000000        0.0149052200        0.0002814746
     3613.0000000000        0.0178038681        0.0003678135
     3622.0000000000        0.0216432065        0.0004936176
     3631.0000000000        0.0268819108        0.0006844379
     3640.0000000000        0.0342988157        0.0009887153
     3649.0000000000        0.0453065455        0.0015060013
     3658.0000000000        0.0626963871        0.0024635647
     3667.0000000000        0.0926630874        0.0044600903
     3676.0000000000        0.1514594666        0.0094359008
     3685.0000000000        0.2946149162        0.0261247595
     3694.0000000000        0.8287182858        0.1255493586
     3703.0000000000        5.1616236293        0.8997249661
     3712.0000000000        2.6225520944        0.0166378223
     3721.0000000000        3.8659088343       -0.8238571849
     3730.0000000000        0.6681630845       -0.0931926322
     3739.0000000000        0.2555749510       -0.0212804490
     3748.0000000000        0.1362391555       -0.0080793705
     3757.0000000000        0.0851607290       -0.0039371591
     3766.0000000000        0.0584449456       -0.0022198159
     3775.0000000000        0.0426632460       -0.0013771503
     3784.0000000000        0.0325427194       -0.0009142126
     3793.0000000000        0.0256556066       -0.0006383640
     3802.0000000000        0.0207529025       -0.0004635933
     3811.0000000000        0.0171370070       -0.0003474097
     3820.0000000000        0.0143927592       -0.0002671235
     3829.0000000000        0.0122602549       -0.0002098449
     3838.0000000000        0.0105699100       -0.0001678727
     3847.0000000000        0.0092071879       -0.0001364081
     3856.0000000000        0.0080924358       -0.0001123532
     3865.0000000000        0.0036192049       -0.0000493946
     3874.0000000000        0.0032124851       -0.0000413085
     3883.0000000000        0.0000000000        0.0000000000
     3892.0000000000        0.0000000000        0.0000000000
     3901.0000000000        0.0000000000        0.0000000000
     3910.0000000000        0.0000000000        0.0000000000
     3919.0000000000        0.0000000000        0.0000000000
     3928.0000000000        0.0000000000        0.0000000000
     3937.0000000000        0.0000000000        0.0000000000
     3946.0000000000        0.0000000000        0.0000000000
     3955.0000000000        0.0000000000        0.0000000000
     3964.0000000000        0.0000000000        0.0000000000
     3973.0000000000        0.0000000000        0.0000000000
     3982.0000000000        0.0000000000        0.0000000000
     3991.0000000000        0.0000000000        0.0000000000
