# IR Spectrum
# X-Axis:  Frequency (cm-1)
# Y-Axis:  Epsilon
#                  X                   Y               DY/DX
        0.0000000000        1.4101006264        0.1490775624
        9.0000000000        3.6732223327       -0.2860246437
       18.0000000000        2.2553208083       -0.1113456198
       27.0000000000        2.3992158472        0.1015525911
       36.0000000000        4.2884714315        0.3934049761
       45.0000000000       11.5157163586        0.6437115285
       54.0000000000       45.4098578373       10.4484431997
       63.0000000000       27.0625431343       -5.0195879739
       72.0000000000       16.1384527159        1.1599492663
       81.0000000000       24.1299812456       -0.0951462550
       90.0000000000       73.4060485677       16.7382735778
       99.0000000000      109.1142143911      -26.8363740177
      108.0000000000       19.2861598640       -2.5665466638
      117.0000000000        8.3276717866       -0.4692194147
      126.0000000000        8.6272567197        0.6782247254
      135.0000000000       17.5768116350        1.2510557639
      144.0000000000        8.2109443694       -1.0446581324
      153.0000000000        5.7362008017        0.1892244516
      162.0000000000       15.3790536161        3.0502992614
      171.0000000000       28.1604658047       -6.4198244169
      180.0000000000        5.8203571831       -0.6214367786
      189.0000000000        3.1819912248       -0.1200809457
      198.0000000000        2.6599205011       -0.0152253484
      207.0000000000        2.7984185950        0.0483045873
      216.0000000000        3.8289338517        0.2363912343
      225.0000000000       10.0673148209        0.4444122673
      234.0000000000        5.8622096549       -0.0445921794
      243.0000000000        7.3966167675        0.3403445207
      252.0000000000       12.6268217067        0.9314225594
      261.0000000000       29.8024385671        3.4256179694
      270.0000000000       97.2759387280       17.6867636442
      279.0000000000      505.3849282005      -32.0036689950
      288.0000000000       86.6360712058      -11.7843765867
      297.0000000000       30.8856213677       -3.1001238806
      306.0000000000       12.2877869114       -0.9767065055
      315.0000000000        6.8436775684       -0.3694689266
      324.0000000000        4.5212610532       -0.1747735228
      333.0000000000        3.4235579012       -0.0714645696
      342.0000000000        3.3986306591        0.0939497790
      351.0000000000        8.5927419536        1.5495962642
      360.0000000000        4.8050820755       -0.7194327522
      369.0000000000        2.4221134510       -0.0605726270
      378.0000000000        2.6064215455        0.1115239724
      387.0000000000        6.1819276996        1.0302336698
      396.0000000000       21.4265719425       -3.1531865548
      405.0000000000        7.1110830781       -0.1445986745
      414.0000000000        2.6887039620       -0.1750430441
      423.0000000000        3.4544891879        0.3678843845
      432.0000000000        1.9842270692       -0.1278566223
      441.0000000000        1.5964319817        0.0852594783
      450.0000000000        4.6404826818        0.9214670564
      459.0000000000        6.4416269599       -1.1543963625
      468.0000000000        3.6766644860       -0.1577043672
      477.0000000000        4.5519149447        0.3994152835
      486.0000000000       16.5311726782        3.4211500507
      495.0000000000       58.1064921702        4.7492582623
      504.0000000000       13.8939203398       -2.6796140798
      513.0000000000        4.0006610402       -0.3900630955
      522.0000000000        2.1021962933       -0.0999494176
      531.0000000000        1.7107263205        0.0085226603
      540.0000000000        2.5916162076        0.2550786244
      549.0000000000       12.5635428782        2.7621254845
      558.0000000000        5.6000528101       -1.1346699863
      567.0000000000        1.7767587309       -0.1183151785
      576.0000000000        1.4603798785        0.0320377170
      585.0000000000        2.9404698613        0.4374277740
      594.0000000000        8.7532978370       -1.1651146036
      603.0000000000        5.9819350657        0.7440903369
      612.0000000000       25.1073907022       -2.0090205873
      621.0000000000        4.0060810777       -0.6675578078
      630.0000000000        1.3285095893       -0.1206917990
      639.0000000000        0.6880846059       -0.0407316988
      648.0000000000        0.4383529859       -0.0186317627
      657.0000000000        0.2680528921       -0.0095230109
      666.0000000000        0.2169599981       -0.0053519686
      675.0000000000        0.1848702217       -0.0030623211
      684.0000000000        0.1653716873       -0.0016104613
      693.0000000000        0.1559506429       -0.0005154294
      702.0000000000        0.1558672879        0.0005032376
      711.0000000000        0.1654946717        0.0016872367
      720.0000000000        0.2098981042        0.0039151707
      729.0000000000        0.2574584961        0.0069862643
      738.0000000000        0.3701551180        0.0139460469
      747.0000000000        0.5766379451        0.0335902847
      756.0000000000        1.1869289599        0.1355413251
      765.0000000000        4.1422536967        0.2317281747
      774.0000000000       13.9769382567        0.6151585431
      783.0000000000        2.9757570705       -0.4443071871
      792.0000000000        1.4886899111       -0.0269003604
      801.0000000000        1.8655720288        0.1225858925
      810.0000000000        5.2261352229        0.9169698938
      819.0000000000       21.8406630410       -2.2094036441
      828.0000000000       10.7524359779       -1.2798731878
      837.0000000000        3.3694549276       -0.0890926955
      846.0000000000        2.9817505404       -0.2757031658
      855.0000000000        2.5241845056        0.0888162296
      864.0000000000        4.6988980954        0.4847600886
      873.0000000000       19.2061917718        4.2884685302
      882.0000000000       31.7506091473       -6.5792307739
      891.0000000000       19.5249914558        2.6017822196
      900.0000000000       34.1042058107       -3.2081859606
      909.0000000000       10.6736415215       -1.9232068266
      918.0000000000        3.5760421445       -0.2831367045
      927.0000000000        2.1689864358       -0.0820398365
      936.0000000000        1.7189935450       -0.0248194382
      945.0000000000        1.6555712176        0.0043191746
      954.0000000000        1.9802392445        0.0337965948
      963.0000000000        2.5923192618        0.0857758892
      972.0000000000        3.9602327362        0.2623617861
      981.0000000000       10.4777458822        1.7905941301
      990.0000000000       27.1459024672       -3.8328229894
      999.0000000000        9.5157763028       -0.3209747631
     1008.0000000000       11.0847882815       -0.0754182152
     1017.0000000000       18.6683024110        2.3016987300
     1026.0000000000       43.9969908140       -0.7513999446
     1035.0000000000       97.3698212859       19.5916345907
     1044.0000000000      274.8209894590      -56.5078670316
     1053.0000000000       49.9325556338       -5.8005317233
     1062.0000000000       24.3323608859       -1.5493870515
     1071.0000000000       26.8346986791       -1.2134533648
     1080.0000000000       32.2767558297        3.5061570425
     1089.0000000000       23.3800112086        0.0213420259
     1098.0000000000       51.0461461797        8.1655072203
     1107.0000000000      141.5208805385       19.9875675098
     1116.0000000000      210.4150253297      -12.8602702492
     1125.0000000000      106.7803638452      -22.5506747804
     1134.0000000000       34.7478122648       -0.8403048903
     1143.0000000000       50.8476278511       -5.2274223856
     1152.0000000000       30.2627681924        2.5327266011
     1161.0000000000       68.1545751453       -0.7696706721
     1170.0000000000       17.4437254207       -2.5628059617
     1179.0000000000        7.5288080509       -0.4102725913
     1188.0000000000        5.9267372616        0.0233097359
     1197.0000000000        9.9895804384        1.3569165542
     1206.0000000000       21.2189502540       -2.9902227669
     1215.0000000000        7.6726096262       -0.3171591851
     1224.0000000000       15.0913904623        2.7423257793
     1233.0000000000       10.3797553766       -1.4448806347
     1242.0000000000        6.8353371428        0.1260255281
     1251.0000000000       11.3763077402        1.0612687494
     1260.0000000000       41.6902704727        8.7099216109
     1269.0000000000      105.7797069250       -9.0887307974
     1278.0000000000       74.2958330658       -6.9660081548
     1287.0000000000       24.2584648750       -4.5010863504
     1296.0000000000        7.6477391880       -0.6609974176
     1305.0000000000        4.4342294101       -0.1609758177
     1314.0000000000        4.3674987160        0.2147387934
     1323.0000000000       11.0921247156        0.8453848146
     1332.0000000000        8.5897808649        0.8539723150
     1341.0000000000        9.1550399660       -0.4113075111
     1350.0000000000        6.1091155287       -0.9965490175
     1359.0000000000        2.9189315377       -0.0590438408
     1368.0000000000        3.3672476227        0.1516722032
     1377.0000000000        7.2906944352        1.0100919059
     1386.0000000000       19.7479955382        2.7953641775
     1395.0000000000       55.3494328328       -8.0436499277
     1404.0000000000       10.4712805793       -1.2034041989
     1413.0000000000        7.2507967744        0.2360376713
     1422.0000000000       21.4256730482        3.4160882017
     1431.0000000000       20.5401518875       -1.5095175469
     1440.0000000000       13.7002581731        0.9533275281
     1449.0000000000       57.5297598169       10.7817091593
     1458.0000000000       61.1459113183       -7.1746236022
     1467.0000000000       21.3484104399       -0.7872505022
     1476.0000000000       33.4537840341       -4.8293727815
     1485.0000000000        8.4863566014       -0.6934671580
     1494.0000000000        6.3309016883        0.0392423278
     1503.0000000000        8.9288314358        0.6556190237
     1512.0000000000       24.7199709510        2.3172054881
     1521.0000000000       82.0541274590        8.0056753280
     1530.0000000000       63.8842740912        1.3496196497
     1539.0000000000      118.5745113187       -1.1143220426
     1548.0000000000       89.4712487823       -7.9518670655
     1557.0000000000       19.3460379300       -2.8324778934
     1566.0000000000        7.2963829749       -0.5978607446
     1575.0000000000        3.9633354553       -0.2251590990
     1584.0000000000        2.5374085965       -0.1106416190
     1593.0000000000        1.8027281631       -0.0625195334
     1602.0000000000        1.3597941566       -0.0389927509
     1611.0000000000        1.0555135480       -0.0256780997
     1620.0000000000        0.8185228831       -0.0171956572
     1629.0000000000        0.6838090181       -0.0120148547
     1638.0000000000        0.5739178528       -0.0082001303
     1647.0000000000        0.5126581502       -0.0055167867
     1656.0000000000        0.4733064986       -0.0032727787
     1665.0000000000        0.4534132157       -0.0011399574
     1674.0000000000        0.4490451255        0.0012808668
     1683.0000000000        0.4284775747        0.0049319701
     1692.0000000000        0.4798284965        0.0097508944
     1701.0000000000        0.5465161729        0.0188546653
     1710.0000000000        0.7146364637        0.0375424581
     1719.0000000000        1.2251980928        0.0841657944
     1728.0000000000        2.5632363865        0.2536394836
     1737.0000000000        8.2055775148        1.4056397975
     1746.0000000000       50.3067192357        8.2359007020
     1755.0000000000       17.9417931896       -2.7906252204
     1764.0000000000        4.0965727117       -0.5248084545
     1773.0000000000        1.6566956078       -0.1333714949
     1782.0000000000        0.8936714077       -0.0526658064
     1791.0000000000        0.5584346989       -0.0259882827
     1800.0000000000        0.3818140729       -0.0146867800
     1809.0000000000        0.2774581082       -0.0090963775
     1818.0000000000        0.2107045534       -0.0060192879
     1827.0000000000        0.1654368414       -0.0041875695
     1836.0000000000        0.1333329007       -0.0030297580
     1845.0000000000        0.1097423206       -0.0022623311
     1854.0000000000        0.0919007838       -0.0017336822
     1863.0000000000        0.0780813031       -0.0013577148
     1872.0000000000        0.0671598557       -0.0010830559
     1881.0000000000        0.0583793178       -0.0008777557
     1890.0000000000        0.0512145937       -0.0007212321
     1899.0000000000        0.0452922345       -0.0005998182
     1908.0000000000        0.0029738409       -0.0000388781
     1917.0000000000        0.0000000000        0.0000000000
     1926.0000000000        0.0000000000        0.0000000000
     1935.0000000000        0.0000000000        0.0000000000
     1944.0000000000        0.0000000000        0.0000000000
     1953.0000000000        0.0000000000        0.0000000000
     1962.0000000000        0.0000000000        0.0000000000
     1971.0000000000        0.0000000000        0.0000000000
     1980.0000000000        0.0000000000        0.0000000000
     1989.0000000000        0.0000000000        0.0000000000
     1998.0000000000        0.0000000000        0.0000000000
     2007.0000000000        0.0000000000        0.0000000000
     2016.0000000000        0.0000000000        0.0000000000
     2025.0000000000        0.0000000000        0.0000000000
     2034.0000000000        0.0000000000        0.0000000000
     2043.0000000000        0.0000000000        0.0000000000
     2052.0000000000        0.0000000000        0.0000000000
     2061.0000000000        0.0000000000        0.0000000000
     2070.0000000000        0.0000000000        0.0000000000
     2079.0000000000        0.0000000000        0.0000000000
     2088.0000000000        0.0000000000        0.0000000000
     2097.0000000000        0.0000000000        0.0000000000
     2106.0000000000        0.0000000000        0.0000000000
     2115.0000000000        0.0000000000        0.0000000000
     2124.0000000000        0.0000000000        0.0000000000
     2133.0000000000        0.0000000000        0.0000000000
     2142.0000000000        0.0000000000        0.0000000000
     2151.0000000000        0.0000000000        0.0000000000
     2160.0000000000        0.0000000000        0.0000000000
     2169.0000000000        0.0000000000        0.0000000000
     2178.0000000000        0.0000000000        0.0000000000
     2187.0000000000        0.0000000000        0.0000000000
     2196.0000000000        0.0000000000        0.0000000000
     2205.0000000000        0.0000000000        0.0000000000
     2214.0000000000        0.0000000000        0.0000000000
     2223.0000000000        0.0000000000        0.0000000000
     2232.0000000000        0.0000000000        0.0000000000
     2241.0000000000        0.0000000000        0.0000000000
     2250.0000000000        0.0000000000        0.0000000000
     2259.0000000000        0.0000000000        0.0000000000
     2268.0000000000        0.0000000000        0.0000000000
     2277.0000000000        0.0000000000        0.0000000000
     2286.0000000000        0.0000000000        0.0000000000
     2295.0000000000        0.0000000000        0.0000000000
     2304.0000000000        0.0000000000        0.0000000000
     2313.0000000000        0.0000000000        0.0000000000
     2322.0000000000        0.0000000000        0.0000000000
     2331.0000000000        0.0000000000        0.0000000000
     2340.0000000000        0.0000000000        0.0000000000
     2349.0000000000        0.0000000000        0.0000000000
     2358.0000000000        0.0000000000        0.0000000000
     2367.0000000000        0.0000000000        0.0000000000
     2376.0000000000        0.0000000000        0.0000000000
     2385.0000000000        0.0000000000        0.0000000000
     2394.0000000000        0.0000000000        0.0000000000
     2403.0000000000        0.0000000000        0.0000000000
     2412.0000000000        0.0000000000        0.0000000000
     2421.0000000000        0.0000000000        0.0000000000
     2430.0000000000        0.0000000000        0.0000000000
     2439.0000000000        0.0000000000        0.0000000000
     2448.0000000000        0.0000000000        0.0000000000
     2457.0000000000        0.0000000000        0.0000000000
     2466.0000000000        0.0000000000        0.0000000000
     2475.0000000000        0.0000000000        0.0000000000
     2484.0000000000        0.0000000000        0.0000000000
     2493.0000000000        0.0000000000        0.0000000000
     2502.0000000000        0.0000000000        0.0000000000
     2511.0000000000        0.0000000000        0.0000000000
     2520.0000000000        0.0000000000        0.0000000000
     2529.0000000000        0.0000000000        0.0000000000
     2538.0000000000        0.0000000000        0.0000000000
     2547.0000000000        0.0000000000        0.0000000000
     2556.0000000000        0.0000000000        0.0000000000
     2565.0000000000        0.0000000000        0.0000000000
     2574.0000000000        0.0000000000        0.0000000000
     2583.0000000000        0.0000000000        0.0000000000
     2592.0000000000        0.0000000000        0.0000000000
     2601.0000000000        0.0000000000        0.0000000000
     2610.0000000000        0.0000000000        0.0000000000
     2619.0000000000        0.0000000000        0.0000000000
     2628.0000000000        0.0000000000        0.0000000000
     2637.0000000000        0.0000000000        0.0000000000
     2646.0000000000        0.0000000000        0.0000000000
     2655.0000000000        0.0000000000        0.0000000000
     2664.0000000000        0.0000000000        0.0000000000
     2673.0000000000        0.0000000000        0.0000000000
     2682.0000000000        0.0000000000        0.0000000000
     2691.0000000000        0.0000000000        0.0000000000
     2700.0000000000        0.0000000000        0.0000000000
     2709.0000000000        0.0000000000        0.0000000000
     2718.0000000000        0.0000000000        0.0000000000
     2727.0000000000        0.0000000000        0.0000000000
     2736.0000000000        0.0000000000        0.0000000000
     2745.0000000000        0.0000000000        0.0000000000
     2754.0000000000        0.0000000000        0.0000000000
     2763.0000000000        0.0000000000        0.0000000000
     2772.0000000000        0.0000000000        0.0000000000
     2781.0000000000        0.0000000000        0.0000000000
     2790.0000000000        0.0000000000        0.0000000000
     2799.0000000000        0.0000000000        0.0000000000
     2808.0000000000        0.0000000000        0.0000000000
     2817.0000000000        0.0000000000        0.0000000000
     2826.0000000000        0.0000000000        0.0000000000
     2835.0000000000        0.0000000000        0.0000000000
     2844.0000000000        0.0000000000        0.0000000000
     2853.0000000000        0.0000000000        0.0000000000
     2862.0000000000        0.0000000000        0.0000000000
     2871.0000000000        0.0456827297        0.0005898539
     2880.0000000000        0.1197303796        0.0015960501
     2889.0000000000        0.5230676778        0.0069105021
     2898.0000000000        0.8863907977        0.0121071623
     2907.0000000000        1.1321659757        0.0162789915
     2916.0000000000        1.3625024200        0.0207921236
     2925.0000000000        1.5710080214        0.0257825473
     2934.0000000000        1.8318143830        0.0325251167
     2943.0000000000        2.3129987746        0.0437638960
     2952.0000000000        2.7648508583        0.0574935189
     2961.0000000000        3.8880681362        0.0845416804
     2970.0000000000        4.8692008671        0.1184509249
     2979.0000000000        6.1565989675        0.1723379873
     2988.0000000000        8.4125989844        0.2722567079
     2997.0000000000       11.8893685185        0.4704120593
     3006.0000000000       17.9472630951        0.9612674913
     3015.0000000000       33.0561098476        2.9350453417
     3024.0000000000      109.3141953464       16.4274578131
     3033.0000000000      208.6458650314       11.9194249697
     3042.0000000000      531.2269691400       86.5272037877
     3051.0000000000      484.0215008409      -13.6318490920
     3060.0000000000      303.5476611038      -45.1441386937
     3069.0000000000      201.1666520447       -5.8944691249
     3078.0000000000       87.4737575629       -9.7508607797
     3087.0000000000       64.3808044247        2.0001803731
     3096.0000000000      163.3560475277       30.2760704085
     3105.0000000000      230.7510643486       -1.4301717652
     3114.0000000000      581.2140454696        4.3947362256
     3123.0000000000      361.4107863209      -32.3806923832
     3132.0000000000      133.3814357263       -5.5235521068
     3141.0000000000      274.7926739037       52.3166821721
     3150.0000000000      477.3097600610      -16.2402000401
     3159.0000000000      250.7135471529      -53.9440060658
     3168.0000000000       61.2997549777       -6.1099891442
     3177.0000000000       38.6515969195        0.5096768301
     3186.0000000000       71.7703154967       -7.0281909394
     3195.0000000000       19.2507205409       -1.8245105599
     3204.0000000000       10.5173903877       -0.5014925986
     3213.0000000000        7.1032034999       -0.2432295291
     3222.0000000000        5.1782151262       -0.1456178765
     3231.0000000000        4.0446766878       -0.0975855930
     3240.0000000000        3.2413277535       -0.0693527217
     3249.0000000000        2.7012251929       -0.0518737543
     3258.0000000000        2.2908832580       -0.0400309312
     3267.0000000000        1.8381777632       -0.0300645181
     3276.0000000000        1.3259691853       -0.0208499167
     3285.0000000000        0.8883286405       -0.0136623460
     3294.0000000000        0.7771553161       -0.0111569045
     3303.0000000000        0.6857666578       -0.0092333310
     3312.0000000000        0.3211188028       -0.0042539596
     3321.0000000000        0.0507198718       -0.0007454963
     3330.0000000000        0.0446217175       -0.0006152056
     3339.0000000000        0.0395604922       -0.0005135848
     3348.0000000000        0.0000000000        0.0000000000
     3357.0000000000        0.0000000000        0.0000000000
     3366.0000000000        0.0000000000        0.0000000000
     3375.0000000000        0.0000000000        0.0000000000
     3384.0000000000        0.0000000000        0.0000000000
     3393.0000000000        0.0000000000        0.0000000000
     3402.0000000000        0.0000000000        0.0000000000
     3411.0000000000        0.0000000000        0.0000000000
     3420.0000000000        0.0000000000        0.0000000000
     3429.0000000000        0.0000000000        0.0000000000
     3438.0000000000        0.0000000000        0.0000000000
     3447.0000000000        0.0000000000        0.0000000000
     3456.0000000000        0.0000000000        0.0000000000
     3465.0000000000        0.0000000000        0.0000000000
     3474.0000000000        0.0000000000        0.0000000000
     3483.0000000000        0.0000000000        0.0000000000
     3492.0000000000        0.0000000000        0.0000000000
     3501.0000000000        0.0000000000        0.0000000000
     3510.0000000000        0.0000000000        0.0000000000
     3519.0000000000        0.0000000000        0.0000000000
     3528.0000000000        0.0000000000        0.0000000000
     3537.0000000000        0.0000000000        0.0000000000
     3546.0000000000        0.0000000000        0.0000000000
     3555.0000000000        0.0000000000        0.0000000000
     3564.0000000000        0.0064878809        0.0000850616
     3573.0000000000        0.0121476283        0.0001651626
     3582.0000000000        0.0137826781        0.0001996339
     3591.0000000000        0.0157718381        0.0002444157
     3600.0000000000        0.0182253801        0.0003036746
     3609.0000000000        0.0213001523        0.0003837752
     3618.0000000000        0.0252253802        0.0004947630
     3627.0000000000        0.0303468542        0.0006531131
     3636.0000000000        0.0372061800        0.0008871026
     3645.0000000000        0.0466909897        0.0012480042
     3654.0000000000        0.0603394494        0.0018353042
     3663.0000000000        0.0810115380        0.0028593235
     3672.0000000000        0.1145373592        0.0048175906
     3681.0000000000        0.1743943733        0.0090834955
     3690.0000000000        0.2980153116        0.0204127351
     3699.0000000000        0.6252222917        0.0626056955
     3708.0000000000        2.0698241949        0.3711594357
     3717.0000000000       10.4678592730       -0.4035747253
     3726.0000000000        8.4073079492       -0.4819460230
     3735.0000000000        1.5233493382       -0.2441064197
     3744.0000000000        0.5163866915       -0.0474539696
     3753.0000000000        0.2597209436       -0.0166699254
     3762.0000000000        0.1566626006       -0.0077479784
     3771.0000000000        0.1049071277       -0.0042272019
     3780.0000000000        0.0752061342       -0.0025591123
     3789.0000000000        0.0565722218       -0.0016668067
     3798.0000000000        0.0441085611       -0.0011462278
     3807.0000000000        0.0353591862       -0.0008220361
     3816.0000000000        0.0289804029       -0.0006095910
     3825.0000000000        0.0241861504       -0.0004645575
     3834.0000000000        0.0204914293       -0.0003621589
     3843.0000000000        0.0175837101       -0.0002877992
     3852.0000000000        0.0152541891       -0.0002324951
     3861.0000000000        0.0133590323       -0.0001905094
     3870.0000000000        0.0117965292       -0.0001580602
     3879.0000000000        0.0047873246       -0.0000624283
     3888.0000000000        0.0000000000        0.0000000000
     3897.0000000000        0.0000000000        0.0000000000
     3906.0000000000        0.0000000000        0.0000000000
     3915.0000000000        0.0000000000        0.0000000000
     3924.0000000000        0.0000000000        0.0000000000
     3933.0000000000        0.0000000000        0.0000000000
     3942.0000000000        0.0000000000        0.0000000000
     3951.0000000000        0.0000000000        0.0000000000
     3960.0000000000        0.0000000000        0.0000000000
     3969.0000000000        0.0000000000        0.0000000000
     3978.0000000000        0.0000000000        0.0000000000
     3987.0000000000        0.0000000000        0.0000000000
     3996.0000000000        0.0000000000        0.0000000000
